33.219281, 126.252321
33.219290, 126.252313
33.219294, 126.252309
33.219295, 126.252305
33.219293, 126.252300
33.219288, 126.252294
33.219282, 126.252288
33.219280, 126.252292
33.219280, 126.252310
33.219281, 126.252343
33.219284, 126.252389
33.219317, 126.252841
33.219316, 126.252947
33.219298, 126.253051
33.219124, 126.253715
33.218945, 126.254458
33.218917, 126.254548
33.218881, 126.254612
33.218862, 126.254637
33.218849, 126.254644
33.218829, 126.254641
33.218802, 126.254627
33.218768, 126.254603
33.218714, 126.254560
33.218685, 126.254544
33.218653, 126.254538
33.218617, 126.254544
33.218578, 126.254560
33.218491, 126.254606
33.217951, 126.254958
33.217879, 126.255019
33.217821, 126.255099
33.217776, 126.255178
33.217742, 126.255264
33.217728, 126.255364
33.217720, 126.255643
33.217708, 126.255748
33.217679, 126.255848
33.217464, 126.256401
33.216944, 126.257191
33.216663, 126.257574
33.216612, 126.257661
33.216577, 126.257758
33.216543, 126.257887
33.216510, 126.257986
33.216462, 126.258076
33.216229, 126.258446
33.216183, 126.258569
33.216138, 126.258660
33.216078, 126.258737
33.215850, 126.258970
33.215778, 126.259032
33.215698, 126.259077
33.215589, 126.259125
33.215550, 126.259148
33.215517, 126.259178
33.215490, 126.259216
33.215468, 126.259261
33.215316, 126.259673
33.215270, 126.259760
33.215203, 126.259826
33.214250, 126.260499
33.214085, 126.260663
33.214055, 126.260700
33.214034, 126.260741
33.214023, 126.260788
33.214021, 126.260839
33.214059, 126.261636
33.214109, 126.261975
33.214116, 126.262081
33.214109, 126.262187
33.213990, 126.262992
33.213924, 126.264393
33.213917, 126.264622
33.213906, 126.264728
33.213879, 126.264829
33.213334, 126.266351
33.213309, 126.266448
33.213303, 126.266542
33.213305, 126.266588
33.213317, 126.266646
33.213351, 126.266728
33.213381, 126.266792
33.213393, 126.266826
33.213399, 126.266862
33.213398, 126.266902
33.213391, 126.266944
33.213380, 126.266987
33.213355, 126.267036
33.213299, 126.267096
33.213109, 126.267273
33.212799, 126.267423
33.211529, 126.268012
33.211041, 126.268385
33.210755, 126.268574
33.210720, 126.268603
33.210692, 126.268639
33.210672, 126.268682
33.210659, 126.268730
33.210642, 126.268835
33.210569, 126.270017
33.210548, 126.270115
33.210497, 126.270197
33.210458, 126.270239
33.210408, 126.270280
33.210335, 126.270316
33.209498, 126.270652
33.208630, 126.270974
33.207250, 126.271562
33.206934, 126.271622
33.206934, 126.271622
33.206880, 126.271608
33.206820, 126.271612
33.206749, 126.271650
33.206676, 126.271703
33.206609, 126.271765
33.206555, 126.271847
33.206327, 126.272278
33.206248, 126.272556
33.206239, 126.272603
33.206238, 126.272644
33.206246, 126.272679
33.206264, 126.272707
33.206307, 126.272756
33.206646, 126.272979
33.206712, 126.273043
33.206752, 126.273133
33.206817, 126.273377
33.206825, 126.273427
33.206823, 126.273475
33.206811, 126.273521
33.206789, 126.273565
33.206661, 126.273761
33.206496, 126.274096
33.205954, 126.274894
33.205197, 126.276254
33.205159, 126.276412
33.205144, 126.276516
33.205148, 126.276622
33.205285, 126.277620
33.205310, 126.277720
33.205357, 126.277808
33.205484, 126.277988
33.205535, 126.278075
33.205572, 126.278172
33.205602, 126.278271
33.205613, 126.278310
33.205616, 126.278328
33.205611, 126.278326
33.205598, 126.278303
33.205565, 126.278237
33.205454, 126.277972
33.205434, 126.277929
33.205413, 126.277898
33.205392, 126.277878
33.205371, 126.277870
33.205350, 126.277868
33.205339, 126.277870
33.205329, 126.277880
33.205319, 126.277898
33.205309, 126.277924
33.205300, 126.277954
33.205296, 126.277968
33.205295, 126.277982
33.205296, 126.277996
33.205300, 126.278008
33.205310, 126.278034
33.205578, 126.279979
33.205622, 126.280446
33.205621, 126.280496
33.205609, 126.280539
33.205586, 126.280574
33.205552, 126.280603
33.205508, 126.280630
33.205490, 126.280645
33.205481, 126.280664
33.205481, 126.280685
33.205490, 126.280710
33.205504, 126.280736
33.205505, 126.280750
33.205494, 126.280766
33.205471, 126.280785
33.205436, 126.280806
33.205367, 126.280844
33.205337, 126.280863
33.205314, 126.280883
33.205298, 126.280905
33.205291, 126.280928
33.205287, 126.280951
33.205287, 126.280995
33.205295, 126.281081
33.205307, 126.281194
33.205316, 126.281243
33.205330, 126.281286
33.205349, 126.281322
33.205375, 126.281351
33.205403, 126.281376
33.205420, 126.281384
33.205443, 126.281382
33.205473, 126.281371
33.205510, 126.281350
33.205666, 126.281247
33.205733, 126.281183
33.205776, 126.281095
33.205809, 126.280989
33.205822, 126.280951
33.205832, 126.280940
33.205838, 126.280955
33.205841, 126.280995
33.205847, 126.281424
33.205857, 126.281596
33.205857, 126.281646
33.205851, 126.281690
33.205838, 126.281726
33.205820, 126.281755
33.205798, 126.281781
33.205783, 126.281791
33.205760, 126.281795
33.205728, 126.281795
33.205688, 126.281788
33.205408, 126.281732
33.205158, 126.281619
33.205112, 126.281614
33.205094, 126.281611
33.205085, 126.281606
33.205087, 126.281600
33.205098, 126.281592
33.205114, 126.281583
33.205136, 126.281576
33.205171, 126.281572
33.205191, 126.281571
33.205200, 126.281565
33.205205, 126.281547
33.205207, 126.281517
33.205206, 126.281476
33.205203, 126.281429
33.205205, 126.281415
33.205213, 126.281417
33.205227, 126.281437
33.205248, 126.281474
33.205360, 126.281688
33.205395, 126.281783
33.205404, 126.281886
33.205396, 126.282133
33.205351, 126.282329
33.205336, 126.282434
33.205337, 126.282540
33.205349, 126.282675
33.205367, 126.282771
33.205402, 126.282844
33.205423, 126.282875
33.205438, 126.282889
33.205462, 126.282898
33.205494, 126.282903
33.205535, 126.282903
33.205794, 126.282894
33.205940, 126.282839
33.206017, 126.282793
33.206077, 126.282718
33.206267, 126.282387
33.206523, 126.282131
33.206911, 126.281902
33.207382, 126.281553
33.207904, 126.281008
33.208044, 126.280926
33.208126, 126.280896
33.208213, 126.280897
33.208395, 126.280934
33.208524, 126.280963
33.208567, 126.280968
33.208608, 126.280961
33.208647, 126.280945
33.208683, 126.280917
33.208813, 126.280797
33.209019, 126.280568
33.209053, 126.280538
33.209090, 126.280519
33.209130, 126.280513
33.209172, 126.280518
33.209491, 126.280602
33.209574, 126.280638
33.209646, 126.280697
33.209867, 126.280933
33.210117, 126.281084
33.210155, 126.281100
33.210189, 126.281102
33.210220, 126.281089
33.210246, 126.281061
33.210294, 126.280990
33.210505, 126.280431
33.210753, 126.280056
33.210816, 126.279982
33.210892, 126.279929
33.210957, 126.279896
33.211028, 126.279870
33.211112, 126.279856
33.211312, 126.279839
33.211353, 126.279830
33.211385, 126.279808
33.211409, 126.279774
33.211426, 126.279728
33.211457, 126.279592
33.211581, 126.279004
33.211808, 126.278556
33.211942, 126.278113
33.212091, 126.277687
33.212236, 126.276678
33.212532, 126.275682
33.212553, 126.275579
33.212555, 126.275474
33.212550, 126.275413
33.212557, 126.275342
33.212586, 126.275255
33.212724, 126.274928
33.212871, 126.274646
33.213127, 126.273827
33.213170, 126.273739
33.213237, 126.273674
33.213393, 126.273568
33.214763, 126.273004
33.214995, 126.272851
33.215076, 126.272807
33.215162, 126.272780
33.215614, 126.272682
33.216839, 126.272205
33.217939, 126.271369
33.218696, 126.270608
33.218728, 126.270578
33.218756, 126.270559
33.218781, 126.270551
33.218801, 126.270553
33.218837, 126.270568
33.219766, 126.271352
33.220081, 126.271731
33.220373, 126.272285
33.220581, 126.272529
33.220869, 126.272998
33.221154, 126.273377
33.221219, 126.273449
33.221294, 126.273506
33.221538, 126.273652
33.221575, 126.273669
33.221605, 126.273671
33.221628, 126.273658
33.221645, 126.273630
33.221658, 126.273595
33.221664, 126.273542
33.221653, 126.273454
33.221459, 126.272314
33.221459, 126.272011
33.221459, 126.271869
33.221459, 126.271742
33.221485, 126.270843
33.221343, 126.269645
33.221343, 126.269495
33.221343, 126.269357
33.221329, 126.268686
33.221331, 126.268636
33.221339, 126.268594
33.221353, 126.268558
33.221372, 126.268530
33.221395, 126.268506
33.221435, 126.268486
33.221508, 126.268475
33.221950, 126.268442
33.222218, 126.268396
33.222644, 126.268437
33.223312, 126.268308
33.223398, 126.268306
33.223479, 126.268337
33.223557, 126.268383
33.223731, 126.268538
33.223808, 126.268588
33.223893, 126.268612
33.223953, 126.268618
33.224013, 126.268609
33.224075, 126.268570
33.224139, 126.268514
33.224202, 126.268433
33.224269, 126.268364
33.224346, 126.268315
33.224517, 126.268233
33.225230, 126.268147
33.225312, 126.268119
33.225381, 126.268058
33.225542, 126.267850
33.225573, 126.267818
33.225603, 126.267800
33.225633, 126.267796
33.225663, 126.267805
33.225693, 126.267822
33.225731, 126.267854
33.225786, 126.267915
33.226075, 126.268261
33.226374, 126.268605
33.226676, 126.269060
33.226738, 126.269134
33.226814, 126.269188
33.226951, 126.269259
33.227027, 126.269286
33.227092, 126.269283
33.227122, 126.269273
33.227151, 126.269258
33.227182, 126.269233
33.227198, 126.269217
33.227206, 126.269212
33.227215, 126.269213
33.227224, 126.269219
33.227235, 126.269230
33.227245, 126.269244
33.227250, 126.269244
33.227252, 126.269228
33.227252, 126.269197
33.227250, 126.269151
33.227207, 126.268404
33.227149, 126.267896
33.227209, 126.266995
33.227291, 126.266738
33.227311, 126.266693
33.227337, 126.266659
33.227371, 126.266635
33.227412, 126.266622
33.227501, 126.266606
33.227802, 126.266650
33.228413, 126.266595
33.228770, 126.266534
33.229168, 126.266596
33.229256, 126.266598
33.229342, 126.266577
33.229619, 126.266468
33.229693, 126.266426
33.229745, 126.266367
33.229764, 126.266334
33.229779, 126.266286
33.229784, 126.266209
33.229784, 126.266116
33.229784, 126.266100
33.229774, 126.266064
33.229742, 126.265989
33.229706, 126.265910
33.229678, 126.265824
33.229664, 126.265724
33.229660, 126.265671
33.229663, 126.265644
33.229676, 126.265617
33.229700, 126.265590
33.229733, 126.265562
33.229773, 126.265533
33.229824, 126.265505
33.229900, 126.265479
33.230514, 126.265307
33.230922, 126.265291
33.231252, 126.265289
33.231689, 126.265232
33.232358, 126.265179
33.232445, 126.265161
33.232528, 126.265123
33.232834, 126.264934
33.232905, 126.264875
33.232959, 126.264797
33.232981, 126.264754
33.232996, 126.264733
33.233020, 126.264716
33.233052, 126.264701
33.233092, 126.264689
33.233138, 126.264678
33.233192, 126.264685
33.233260, 126.264727
33.233340, 126.264790
33.234027, 126.265655
33.234626, 126.266103
33.234664, 126.266124
33.234700, 126.266128
33.234735, 126.266116
33.234769, 126.266088
33.234883, 126.265962
33.235461, 126.265274
33.235532, 126.265217
33.235615, 126.265196
33.235862, 126.265190
33.236333, 126.265349
33.236663, 126.265387
33.236960, 126.265485
33.237001, 126.265494
33.237037, 126.265493
33.237070, 126.265481
33.237097, 126.265459
33.237148, 126.265405
33.237560, 126.264574
33.237667, 126.264217
33.237689, 126.264123
33.237697, 126.264041
33.237697, 126.263967
33.237758, 126.263107
33.237766, 126.263058
33.237782, 126.263017
33.237807, 126.262985
33.237841, 126.262961
33.237879, 126.262942
33.237929, 126.262930
33.238006, 126.262934
33.238165, 126.262955
33.238246, 126.262955
33.238309, 126.262931
33.238337, 126.262913
33.238349, 126.262903
33.238357, 126.262893
33.238363, 126.262881
33.238364, 126.262868
33.238364, 126.262855
33.238357, 126.262820
33.238335, 126.262740
33.238302, 126.262625
33.238285, 126.262523
33.238294, 126.262420
33.238329, 126.262256
33.238358, 126.262156
33.238401, 126.262063
33.238434, 126.262005
33.238480, 126.261956
33.238554, 126.261923
33.238711, 126.261878
33.238795, 126.261843
33.238870, 126.261788
33.238907, 126.261754
33.238957, 126.261726
33.239033, 126.261708
33.239301, 126.261672
33.239341, 126.261663
33.239373, 126.261646
33.239397, 126.261623
33.239412, 126.261592
33.239422, 126.261557
33.239425, 126.261505
33.239413, 126.261418
33.239323, 126.260954
33.239309, 126.260905
33.239287, 126.260864
33.239258, 126.260830
33.239221, 126.260803
33.239169, 126.260773
33.239118, 126.260729
33.239069, 126.260654
33.239044, 126.260609
33.239026, 126.260568
33.239020, 126.260536
33.239020, 126.260508
33.239021, 126.260153
33.239011, 126.260049
33.238981, 126.259950
33.238901, 126.259762
33.238871, 126.259680
33.238861, 126.259628
33.238861, 126.259589
33.238847, 126.259502
33.238846, 126.259462
33.238857, 126.259426
33.238880, 126.259396
33.238914, 126.259371
33.239094, 126.259273
33.239388, 126.259010
33.239489, 126.258874
33.239555, 126.258808
33.239636, 126.258770
33.239693, 126.258754
33.239748, 126.258745
33.239801, 126.258750
33.239827, 126.258756
33.239841, 126.258753
33.239859, 126.258738
33.239880, 126.258711
33.239904, 126.258673
33.239951, 126.258591
33.239977, 126.258555
33.240008, 126.258526
33.240045, 126.258506
33.240087, 126.258495
33.240162, 126.258482
33.240226, 126.258475
33.240266, 126.258477
33.240280, 126.258481
33.240312, 126.258481
33.240383, 126.258473
33.240665, 126.258435
33.240815, 126.258437
33.240854, 126.258437
33.240883, 126.258435
33.240901, 126.258431
33.240909, 126.258426
33.240911, 126.258420
33.240909, 126.258418
33.240899, 126.258418
33.240883, 126.258420
33.240859, 126.258425
33.240832, 126.258431
33.240824, 126.258438
33.240828, 126.258454
33.240843, 126.258478
33.240870, 126.258511
33.240928, 126.258577
33.240976, 126.258653
33.241001, 126.258749
33.241030, 126.258970
33.241041, 126.259173
33.241047, 126.259222
33.241060, 126.259260
33.241081, 126.259288
33.241107, 126.259306
33.241138, 126.259319
33.241183, 126.259326
33.241258, 126.259320
33.241623, 126.259274
33.241902, 126.259315
33.241945, 126.259326
33.241983, 126.259346
33.242016, 126.259376
33.242046, 126.259414
33.242409, 126.259988
33.242624, 126.260558
33.242666, 126.260642
33.242720, 126.260698
33.242780, 126.260740
33.242855, 126.260788
33.242921, 126.260849
33.242969, 126.260934
33.243145, 126.261368
33.243596, 126.262239
33.243902, 126.262705
33.243950, 126.262795
33.243982, 126.262893
33.244038, 126.263126
33.244076, 126.263295
33.244091, 126.263343
33.244110, 126.263382
33.244136, 126.263413
33.244167, 126.263435
33.244234, 126.263470
33.244449, 126.263527
33.244770, 126.263703
33.244846, 126.263756
33.244911, 126.263828
33.245047, 126.264013
33.245173, 126.264289
33.245196, 126.264329
33.245223, 126.264357
33.245253, 126.264371
33.245286, 126.264372
33.245320, 126.264367
33.245366, 126.264349
33.245433, 126.264307
33.245705, 126.264119
33.246028, 126.263996
33.246109, 126.263954
33.246180, 126.263891
33.246512, 126.263521
33.246583, 126.263460
33.246665, 126.263421
33.246845, 126.263366
33.247564, 126.263335
33.248208, 126.263246
33.248649, 126.263175
33.249556, 126.263147
33.250698, 126.263205
33.251026, 126.263154
33.251112, 126.263131
33.251194, 126.263090
33.251669, 126.262790
33.252311, 126.262634
33.252554, 126.262523
33.252640, 126.262496
33.252728, 126.262492
33.253411, 126.262547
33.254355, 126.262323
33.254885, 126.262273
33.255402, 126.262354
33.255843, 126.262518
33.255938, 126.262567
33.256023, 126.262599
33.256111, 126.262610
33.256478, 126.262615
33.257062, 126.262508
33.257584, 126.262466
33.258574, 126.262501
33.259034, 126.262444
33.259248, 126.262392
33.259338, 126.262389
33.259378, 126.262382
33.259407, 126.262361
33.259426, 126.262327
33.259434, 126.262280
33.259439, 126.262198
33.259430, 126.262119
33.259394, 126.262044
33.259369, 126.262008
33.259351, 126.261957
33.259344, 126.261875
33.259343, 126.261826
33.259353, 126.261765
33.259381, 126.261680
33.259771, 126.260672
33.260145, 126.259080
33.260388, 126.258455
33.260436, 126.258368
33.260503, 126.258302
33.260610, 126.258225
33.260679, 126.258161
33.260732, 126.258077
33.261346, 126.256792
33.261396, 126.256710
33.261458, 126.256651
33.261492, 126.256627
33.261540, 126.256607
33.261615, 126.256596
33.261940, 126.256568
33.262229, 126.256572
33.262818, 126.256504
33.262907, 126.256503
33.262995, 126.256520
33.263328, 126.256622
33.264177, 126.256566
33.264648, 126.256703
33.265786, 126.257294
33.265851, 126.257305
33.266352, 126.257605
33.266426, 126.257662
33.266488, 126.257738
33.266615, 126.257931
33.266708, 126.258108
33.266735, 126.258148
33.266766, 126.258175
33.266803, 126.258191
33.266846, 126.258194
33.267110, 126.258179
33.267193, 126.258181
33.267260, 126.258197
33.267290, 126.258208
33.267335, 126.258212
33.267408, 126.258200
33.267543, 126.258169
33.267632, 126.258158
33.267720, 126.258166
33.268059, 126.258235
33.268144, 126.258262
33.268224, 126.258308
33.268453, 126.258473
33.268866, 126.258638
33.268959, 126.258648
33.269046, 126.258667
33.269129, 126.258706
33.269534, 126.258950
33.269714, 126.258998
33.269801, 126.259009
33.269889, 126.258997
33.270482, 126.258829
33.271035, 126.258507
33.271338, 126.258448
33.271713, 126.258475
33.271799, 126.258495
33.271878, 126.258542
33.271946, 126.258598
33.272020, 126.258647
33.272102, 126.258683
33.272294, 126.258746
33.272378, 126.258754
33.272459, 126.258722
33.273023, 126.258339
33.273113, 126.258286
33.273186, 126.258227
33.273244, 126.258149
33.273291, 126.258068
33.273347, 126.257996
33.273421, 126.257945
33.273582, 126.257865
33.273825, 126.257817
33.274193, 126.257589
33.274866, 126.256951
33.275179, 126.256764
33.275261, 126.256726
33.275349, 126.256708
33.275865, 126.256663
33.275949, 126.256639
33.276022, 126.256584
33.276298, 126.256293
33.276431, 126.256096
33.276494, 126.256022
33.276569, 126.255967
33.276702, 126.255893
33.277202, 126.255812
33.277348, 126.255745
33.277427, 126.255697
33.277498, 126.255633
33.277664, 126.255451
33.277736, 126.255398
33.277820, 126.255382
33.278276, 126.255400
33.278363, 126.255416
33.278444, 126.255456
33.278820, 126.255711
33.279274, 126.255830
33.279523, 126.255983
33.279595, 126.256042
33.279652, 126.256122
33.279773, 126.256346
33.279799, 126.256382
33.279828, 126.256399
33.279861, 126.256397
33.279897, 126.256377
33.279946, 126.256340
33.279972, 126.256326
33.280002, 126.256323
33.280037, 126.256330
33.280075, 126.256348
33.280132, 126.256380
33.280180, 126.256413
33.280213, 126.256446
33.280225, 126.256463
33.280257, 126.256479
33.280327, 126.256493
33.280400, 126.256503
33.280475, 126.256503
33.280558, 126.256481
33.280871, 126.256365
33.281198, 126.256272
33.281239, 126.256255
33.281274, 126.256230
33.281303, 126.256196
33.281327, 126.256154
33.281347, 126.256107
33.281360, 126.256046
33.281360, 126.255954
33.281352, 126.255858
33.281345, 126.255812
33.281329, 126.255770
33.281306, 126.255731
33.281274, 126.255696
33.281226, 126.255652
33.281185, 126.255592
33.281159, 126.255502
33.281132, 126.255345
33.281124, 126.255241
33.281139, 126.255137
33.281224, 126.254794
33.281257, 126.254695
33.281303, 126.254604
33.281364, 126.254502
33.281423, 126.254427
33.281493, 126.254376
33.281530, 126.254356
33.281552, 126.254351
33.281578, 126.254355
33.281608, 126.254370
33.281644, 126.254394
33.281749, 126.254476
33.281817, 126.254543
33.281868, 126.254628
33.281986, 126.254885
33.282003, 126.254932
33.282009, 126.254980
33.282004, 126.255027
33.281989, 126.255075
33.281945, 126.255181
33.281701, 126.255530
33.281677, 126.255571
33.281661, 126.255611
33.281655, 126.255650
33.281658, 126.255689
33.281665, 126.255728
33.281687, 126.255775
33.281737, 126.255842
33.281965, 126.256110
33.282162, 126.256390
33.282225, 126.256456
33.282296, 126.256487
33.282371, 126.256501
33.282479, 126.256492
33.282567, 126.256494
33.282653, 126.256520
33.282799, 126.256582
33.282884, 126.256604
33.282970, 126.256595
33.283014, 126.256584
33.283060, 126.256562
33.283111, 126.256518
33.283138, 126.256491
33.283155, 126.256481
33.283180, 126.256478
33.283212, 126.256483
33.283251, 126.256495
33.283294, 126.256512
33.283341, 126.256545
33.283392, 126.256613
33.283508, 126.256794
33.283570, 126.256868
33.283647, 126.256918
33.284106, 126.257130
33.284331, 126.257334
33.284368, 126.257361
33.284407, 126.257378
33.284448, 126.257384
33.284492, 126.257380
33.284548, 126.257368
33.284577, 126.257367
33.284609, 126.257375
33.284642, 126.257393
33.284678, 126.257419
33.285200, 126.257864
33.285280, 126.257955
33.285314, 126.257986
33.285349, 126.258007
33.285385, 126.258016
33.285423, 126.258015
33.285461, 126.258009
33.285478, 126.258000
33.285490, 126.257981
33.285497, 126.257950
33.285500, 126.257910
33.285501, 126.257818
33.285483, 126.257699
33.285475, 126.257594
33.285484, 126.257488
33.285633, 126.256562
33.285665, 126.255965
33.285699, 126.255862
33.285724, 126.255766
33.285732, 126.255677
33.285732, 126.255592
33.285712, 126.255422
33.285687, 126.255322
33.285637, 126.255237
33.285435, 126.254980
33.285134, 126.254642
33.284979, 126.254434
33.284920, 126.254292
33.284872, 126.254204
33.284807, 126.254132
33.284509, 126.253875
33.284446, 126.253803
33.284402, 126.253712
33.284232, 126.253210
33.284191, 126.253116
33.284135, 126.253033
33.284002, 126.252870
33.283945, 126.252788
33.283901, 126.252698
33.283882, 126.252650
33.283851, 126.252595
33.283799, 126.252526
33.283672, 126.252375
33.283441, 126.251936
33.283415, 126.251895
33.283384, 126.251862
33.283347, 126.251837
33.283306, 126.251821
33.283025, 126.251746
33.282983, 126.251739
33.282948, 126.251739
33.282917, 126.251748
33.282892, 126.251765
33.282870, 126.251787
33.282847, 126.251829
33.282825, 126.251913
33.282808, 126.251992
33.282795, 126.252029
33.282774, 126.252061
33.282745, 126.252088
33.282707, 126.252109
33.282598, 126.252158
33.282525, 126.252186
33.282453, 126.252224
33.282384, 126.252283
33.282262, 126.252407
33.282188, 126.252463
33.282105, 126.252493
33.281810, 126.252548
33.281724, 126.252553
33.281645, 126.252538
33.281607, 126.252524
33.281561, 126.252498
33.281498, 126.252446
33.281147, 126.252126
33.280911, 126.251995
33.280298, 126.251366
33.280108, 126.251035
33.280051, 126.250954
33.279982, 126.250887
33.279454, 126.250475
33.279257, 126.250238
33.279189, 126.250169
33.279113, 126.250113
33.278984, 126.250034
33.278905, 126.249994
33.278829, 126.249973
33.278791, 126.249967
33.278748, 126.249943
33.278693, 126.249882
33.278233, 126.249289
33.278082, 126.248950
33.278067, 126.248903
33.278063, 126.248857
33.278070, 126.248811
33.278089, 126.248765
33.278237, 126.248497
33.278292, 126.248413
33.278357, 126.248340
33.278443, 126.248259
33.278504, 126.248184
33.278547, 126.248092
33.278664, 126.247736
33.278689, 126.247659
33.278697, 126.247625
33.278697, 126.247615
33.278697, 126.247434
33.278516, 126.246497
33.278487, 126.246406
33.278441, 126.246342
33.278414, 126.246317
33.278371, 126.246295
33.278297, 126.246278
33.278005, 126.246235
33.277717, 126.246111
33.277679, 126.246091
33.277649, 126.246067
33.277627, 126.246040
33.277614, 126.246008
33.277604, 126.245975
33.277598, 126.245929
33.277596, 126.245855
33.277597, 126.245812
33.277588, 126.245755
33.277561, 126.245670
33.277513, 126.245540
33.277472, 126.245122
33.277376, 126.244728
33.277360, 126.244679
33.277337, 126.244638
33.277307, 126.244604
33.277270, 126.244576
33.276828, 126.244307
33.276548, 126.244026
33.276514, 126.243997
33.276482, 126.243980
33.276450, 126.243976
33.276419, 126.243983
33.276389, 126.243997
33.276374, 126.243996
33.276358, 126.243982
33.276341, 126.243954
33.276323, 126.243912
33.276113, 126.243344
33.275785, 126.242708
33.275379, 126.241867
33.274736, 126.241042
33.274687, 126.240956
33.274663, 126.240857
33.274630, 126.240579
33.274629, 126.239001
33.274648, 126.237491
33.274600, 126.237006
33.274600, 126.236920
33.274569, 126.236300
33.274562, 126.236251
33.274546, 126.236213
33.274522, 126.236184
33.274489, 126.236166
33.274451, 126.236152
33.274401, 126.236144
33.274324, 126.236147
33.274065, 126.236171
33.273349, 126.236027
33.273268, 126.236021
33.273206, 126.236041
33.273179, 126.236057
33.273166, 126.236071
33.273154, 126.236096
33.273144, 126.236132
33.273135, 126.236179
33.273096, 126.236434