33.273151, 126.235953
33.272813, 126.235796
33.272775, 126.235774
33.272745, 126.235747
33.272724, 126.235715
33.272710, 126.235679
33.272700, 126.235640
33.272703, 126.235586
33.272730, 126.235504
33.272772, 126.235397
33.273101, 126.234846
33.273522, 126.234015
33.273578, 126.233934
33.273650, 126.233877
33.273799, 126.233792
33.273837, 126.233766
33.273867, 126.233732
33.273891, 126.233691
33.273909, 126.233644
33.273959, 126.233464
33.273996, 126.233157
33.274000, 126.233108
33.273997, 126.233065
33.273989, 126.233031
33.273974, 126.233003
33.273956, 126.232979
33.273920, 126.232959
33.273849, 126.232948
33.273654, 126.232931
33.273565, 126.232933
33.273478, 126.232953
33.272916, 126.233138
33.272390, 126.233236
33.272301, 126.233244
33.272212, 126.233235
33.271955, 126.233184
33.271913, 126.233171
33.271878, 126.233149
33.271847, 126.233119
33.271823, 126.233080
33.271780, 126.232994
33.271641, 126.232532
33.271538, 126.232237
33.271512, 126.231968
33.271513, 126.231587
33.271413, 126.231001
33.271414, 126.230846
33.271411, 126.230709
33.271413, 126.230661
33.271419, 126.230625
33.271430, 126.230601
33.271446, 126.230588
33.271483, 126.230574
33.271841, 126.230528
33.271926, 126.230503
33.272002, 126.230452
33.272063, 126.230396
33.272119, 126.230330
33.272164, 126.230244
33.272272, 126.229985
33.272421, 126.229437
33.272460, 126.229343
33.272518, 126.229266
33.272674, 126.229108
33.272747, 126.229053
33.272832, 126.229028
33.273867, 126.228915
33.274555, 126.228907
33.274642, 126.228894
33.274725, 126.228857
33.275061, 126.228652
33.275140, 126.228605
33.275207, 126.228544
33.275249, 126.228456
33.275335, 126.228167
33.275594, 126.226156
33.275594, 126.225819
33.275594, 126.225711
33.275672, 126.224425
33.275673, 126.224354
33.275672, 126.224323
33.275670, 126.224299
33.275666, 126.224284
33.275660, 126.224277
33.275653, 126.224274
33.275650, 126.224279
33.275647, 126.224298
33.275645, 126.224331
33.275642, 126.224378
33.275593, 126.225574
33.275568, 126.226018
33.275567, 126.226066
33.275568, 126.226101
33.275573, 126.226125
33.275580, 126.226137
33.275589, 126.226143
33.275591, 126.226153
33.275591, 126.226174
33.275586, 126.226208
33.275579, 126.226255
33.275472, 126.226864
33.275440, 126.226941
33.275413, 126.227026
33.275399, 126.227126
33.275378, 126.227379
33.275380, 126.227428
33.275392, 126.227470
33.275416, 126.227503
33.275452, 126.227529
33.275563, 126.227587
33.276634, 126.227836
33.277297, 126.227907
33.277339, 126.227906
33.277377, 126.227894
33.277410, 126.227870
33.277438, 126.227834
33.277464, 126.227792
33.277486, 126.227735
33.277500, 126.227644
33.277680, 126.225863
33.277695, 126.225775
33.277718, 126.225725
33.277731, 126.225710
33.277743, 126.225703
33.277764, 126.225700
33.277795, 126.225699
33.277835, 126.225701
33.277965, 126.225711
33.278054, 126.225707
33.278141, 126.225685
33.278240, 126.225648
33.278326, 126.225625
33.278415, 126.225620
33.278583, 126.225627
33.278626, 126.225625
33.278663, 126.225613
33.278696, 126.225592
33.278724, 126.225562
33.278749, 126.225528
33.278769, 126.225475
33.278780, 126.225386
33.278790, 126.225168
33.278725, 126.224723
33.278718, 126.224617
33.278730, 126.224512
33.278766, 126.224333
33.278798, 126.224236
33.278852, 126.224154
33.278939, 126.224055
33.278994, 126.223974
33.279026, 126.223877
33.279056, 126.223735
33.279071, 126.223689
33.279095, 126.223657
33.279127, 126.223637
33.279168, 126.223631
33.279450, 126.223634
33.279491, 126.223631
33.279522, 126.223618
33.279545, 126.223598
33.279559, 126.223568
33.279569, 126.223535
33.279572, 126.223483
33.279562, 126.223395
33.279530, 126.223192
33.279523, 126.223086
33.279534, 126.222981
33.279582, 126.222739
33.279594, 126.222692
33.279610, 126.222654
33.279631, 126.222626
33.279656, 126.222608
33.279683, 126.222595
33.279726, 126.222585
33.279800, 126.222581
33.280573, 126.222567
33.280613, 126.222560
33.280646, 126.222540
33.280670, 126.222507
33.280685, 126.222462
33.280925, 126.221360
33.280926, 126.221308
33.280926, 126.221158
33.280973, 126.220606
33.281074, 126.220090
33.281074, 126.220042
33.281023, 126.219632
33.280897, 126.219014
33.280897, 126.218895
33.280949, 126.218016
33.280938, 126.217397
33.281026, 126.216672
33.281027, 126.216581
33.281027, 126.216423
33.281144, 126.215239
33.281163, 126.215135
33.281199, 126.215039
33.281266, 126.214903
33.281300, 126.214826
33.281312, 126.214783
33.281312, 126.214756
33.281312, 126.214383
33.281313, 126.214291
33.281307, 126.214196
33.281286, 126.214097
33.281203, 126.213801
33.281203, 126.213765
33.281211, 126.213712
33.281235, 126.213628
33.281371, 126.213204
33.281396, 126.213101
33.281404, 126.212996
33.281404, 126.212766
33.281370, 126.212160
33.281371, 126.212033
33.281370, 126.211913
33.281430, 126.210947
33.281430, 126.210900
33.281431, 126.210679
33.281369, 126.210103
33.281437, 126.209611
33.281437, 126.209350
33.281477, 126.209146
33.281481, 126.209043
33.281455, 126.208946
33.281358, 126.208724
33.281326, 126.208647
33.281316, 126.208609
33.281316, 126.208599
33.281324, 126.208566
33.281349, 126.208489
33.281380, 126.208394
33.281401, 126.208296
33.281398, 126.208192
33.281353, 126.207858
33.281354, 126.207755
33.281385, 126.207660
33.281526, 126.207377
33.281689, 126.206965
33.281718, 126.206865
33.281727, 126.206760
33.281728, 126.206605
33.281719, 126.206500
33.281692, 126.206399
33.281557, 126.206016
33.281530, 126.205936
33.281522, 126.205894
33.281521, 126.205871
33.281534, 126.205749
33.281559, 126.205650
33.281609, 126.205566
33.281642, 126.205527
33.281652, 126.205506
33.281647, 126.205484
33.281629, 126.205460
33.281597, 126.205434
33.281419, 126.205312
33.281384, 126.205282
33.281359, 126.205246
33.281342, 126.205202
33.281335, 126.205152
33.281279, 126.204050
33.281271, 126.204003
33.281252, 126.203968
33.281223, 126.203947
33.281184, 126.203938
33.280949, 126.203927
33.280744, 126.203995
33.279987, 126.204478
33.279950, 126.204497
33.279920, 126.204504
33.279895, 126.204498
33.279877, 126.204481
33.279862, 126.204457
33.279848, 126.204412
33.279836, 126.204326
33.279628, 126.202252
33.279348, 126.200917
33.279118, 126.199853
33.279092, 126.199560
33.279073, 126.199457
33.279034, 126.199362
33.278535, 126.198418
33.277667, 126.197120
33.277242, 126.196335
33.277133, 126.195863
33.277123, 126.195823
33.277117, 126.195808
33.277116, 126.195818
33.277118, 126.195853
33.277122, 126.195900
33.277136, 126.195959
33.277169, 126.196041
33.277617, 126.197031
33.278501, 126.198274
33.278529, 126.198308
33.278555, 126.198329
33.278579, 126.198337
33.278600, 126.198331
33.278620, 126.198319
33.278630, 126.198307
33.278641, 126.198284
33.278652, 126.198250
33.278664, 126.198203
33.278746, 126.197850
33.278746, 126.197756
33.278753, 126.197660
33.278773, 126.197560
33.278825, 126.197371
33.278889, 126.197221
33.278920, 126.197122
33.278930, 126.197017
33.278930, 126.196873
33.278886, 126.196708
33.278850, 126.196613
33.278794, 126.196532
33.278717, 126.196444
33.278688, 126.196410
33.278668, 126.196380
33.278655, 126.196356
33.278651, 126.196336
33.278651, 126.196319
33.278663, 126.196284
33.278700, 126.196212
33.278892, 126.195867
33.279016, 126.195477
33.279017, 126.195469
33.279019, 126.195458
33.279021, 126.195449
33.279023, 126.195441
33.279025, 126.195434
33.279029, 126.195423
33.279066, 126.195443
33.279104, 126.195483
33.279143, 126.195561
33.279165, 126.195616
33.279202, 126.195670
33.279268, 126.195720
33.279387, 126.195794
33.279470, 126.195835
33.279557, 126.195858
33.279732, 126.195886
33.279821, 126.195891
33.279909, 126.195877
33.279965, 126.195862
33.280024, 126.195834
33.280091, 126.195780
33.280264, 126.195614
33.280322, 126.195538
33.280355, 126.195442
33.280374, 126.195353
33.280381, 126.195260
33.280367, 126.195160
33.280346, 126.195069
33.280335, 126.195028
33.280322, 126.194998
33.280308, 126.194978
33.280292, 126.194967
33.280275, 126.194962
33.280266, 126.194966
33.280252, 126.194981
33.280236, 126.195009
33.280216, 126.195048
33.280194, 126.195094
33.280185, 126.195115
33.280180, 126.195132
33.280178, 126.195146
33.280181, 126.195157
33.280185, 126.195166
33.280187, 126.195163
33.280191, 126.195146
33.280197, 126.195114
33.280203, 126.195068
33.280213, 126.194998
33.280213, 126.194963
33.280204, 126.194927
33.280185, 126.194891
33.280157, 126.194854
33.280085, 126.194773
33.279481, 126.194317
33.279234, 126.194153
33.279162, 126.194092
33.279104, 126.194013
33.279027, 126.193879
33.278968, 126.193801
33.278894, 126.193745
33.278823, 126.193705
33.278792, 126.193684
33.278770, 126.193663
33.278756, 126.193642
33.278751, 126.193619
33.278751, 126.193597
33.278762, 126.193557
33.278797, 126.193482
33.278833, 126.193411
33.278860, 126.193346
33.278870, 126.193295
33.278871, 126.193273
33.278861, 126.193233
33.278832, 126.193160
33.278812, 126.193115
33.278797, 126.193067
33.278792, 126.193015
33.278793, 126.192987
33.278789, 126.192958
33.278779, 126.192925
33.278772, 126.192908
33.278768, 126.192901
33.278764, 126.192897
33.278760, 126.192896
33.278756, 126.192897
33.278751, 126.192901
33.278747, 126.192896
33.278738, 126.192879
33.278724, 126.192850
33.278705, 126.192809
33.278654, 126.192692
33.278623, 126.192617
33.278612, 126.192580
33.278612, 126.192563
33.278628, 126.192467
33.278640, 126.192425
33.278662, 126.192393
33.278693, 126.192373
33.278733, 126.192363
33.278796, 126.192358
33.278860, 126.192336
33.278926, 126.192280
33.279049, 126.192148
33.279078, 126.192113
33.279099, 126.192080
33.279111, 126.192049
33.279116, 126.192020
33.279116, 126.191964
33.279073, 126.191434
33.279001, 126.191026
33.279000, 126.190961
33.279002, 126.190916
33.279000, 126.190894
33.278992, 126.190872
33.278977, 126.190849
33.278956, 126.190827
33.278932, 126.190805
33.278917, 126.190798
33.278894, 126.190800
33.278865, 126.190811
33.278828, 126.190830
33.278101, 126.191266
33.278065, 126.191289
33.278039, 126.191307
33.278023, 126.191322
33.278016, 126.191333
33.278013, 126.191342
33.278017, 126.191343
33.278032, 126.191339
33.278058, 126.191328
33.278094, 126.191311
33.278875, 126.190932
33.278944, 126.190883
33.278987, 126.190817
33.279001, 126.190780
33.279004, 126.190758
33.279001, 126.190731
33.278991, 126.190698
33.278974, 126.190658
33.278954, 126.190616
33.278939, 126.190597
33.278916, 126.190583
33.278884, 126.190573
33.278844, 126.190567
33.278735, 126.190558
33.278058, 126.190664
33.277594, 126.190844
33.277176, 126.190945
33.276485, 126.190938
33.276398, 126.190924
33.276316, 126.190885
33.276031, 126.190698
33.275796, 126.190422
33.275738, 126.190341
33.275693, 126.190250
33.275487, 126.189722
33.274465, 126.188318
33.274413, 126.188232
33.274376, 126.188135
33.274248, 126.187694
33.274243, 126.187543
33.274248, 126.187437
33.274272, 126.187336
33.274460, 126.186780
33.274656, 126.186453
33.274701, 126.186362
33.274731, 126.186262
33.274833, 126.185779
33.274833, 126.185495
33.274833, 126.185447
33.274833, 126.185054
33.274770, 126.184310
33.274792, 126.183940
33.274644, 126.182792
33.274644, 126.182605
33.274659, 126.181964
33.274655, 126.181857
33.274636, 126.181753
33.274560, 126.181446
33.274526, 126.180830
33.274512, 126.180740
33.274482, 126.180682
33.274463, 126.180662
33.274427, 126.180646
33.274354, 126.180639
33.274256, 126.180637
33.274214, 126.180630
33.274177, 126.180612
33.274146, 126.180583
33.274120, 126.180542
33.273991, 126.180285
33.273773, 126.179834
33.273636, 126.179677
33.273659, 126.179708
33.273499, 126.179605
33.273408, 126.179571
33.273369, 126.179551
33.273338, 126.179521
33.273315, 126.179483
33.273300, 126.179435
33.273158, 126.178764
33.273013, 126.178467
33.272763, 126.177685
33.272708, 126.177221
33.272511, 126.176705
33.272465, 126.176616
33.272402, 126.176543
33.272280, 126.176435
33.271990, 126.176287
33.271918, 126.176231
33.271868, 126.176148
33.271782, 126.175933
33.271757, 126.175856
33.271741, 126.175824
33.271716, 126.175802
33.271684, 126.175791
33.271643, 126.175792
33.271259, 126.175844
33.271041, 126.175807
33.270816, 126.175827
33.270737, 126.175876
33.270694, 126.175902
33.270672, 126.175907
33.270652, 126.175898
33.270632, 126.175873
33.270613, 126.175833
33.270594, 126.175786
33.270582, 126.175766
33.270565, 126.175752
33.270542, 126.175746
33.270515, 126.175746
33.270485, 126.175749
33.270471, 126.175747
33.270459, 126.175738
33.270449, 126.175721
33.270442, 126.175696
33.270435, 126.175668
33.270440, 126.175625
33.270466, 126.175551
33.270504, 126.175461
33.270529, 126.175399
33.270567, 126.175340
33.270633, 126.175287
33.270873, 126.175132
33.271349, 126.174796
33.271415, 126.174741
33.271459, 126.174687
33.271491, 126.174633
33.271583, 126.174428
33.271600, 126.174383
33.271607, 126.174345
33.271605, 126.174312
33.271593, 126.174286
33.271576, 126.174262
33.271570, 126.174246
33.271568, 126.174219
33.271571, 126.174181
33.271578, 126.174134
33.271602, 126.173990
33.271629, 126.173889
33.271672, 126.173797
33.271826, 126.173535
33.271882, 126.173463
33.271947, 126.173421
33.272016, 126.173395
33.272101, 126.173328
33.272164, 126.173284
33.272206, 126.173271
33.272222, 126.173272
33.272254, 126.173261
33.272318, 126.173226
33.272657, 126.173032
33.272700, 126.173005
33.272722, 126.172996
33.272744, 126.172994
33.272766, 126.173000
33.272790, 126.173014
33.272813, 126.173032
33.272828, 126.173037
33.272851, 126.173033
33.272880, 126.173021
33.272916, 126.173001
33.273057, 126.172914
33.273711, 126.172145
33.273781, 126.172079
33.273860, 126.172032
33.274182, 126.171888
33.274500, 126.171841
33.274585, 126.171846
33.274660, 126.171885
33.274695, 126.171914
33.274715, 126.171923
33.274740, 126.171922
33.274771, 126.171911
33.274807, 126.171889
33.274893, 126.171830
33.274972, 126.171788
33.275052, 126.171770
33.275093, 126.171767
33.275140, 126.171746
33.275199, 126.171689
33.275507, 126.171337
33.275540, 126.171305
33.275574, 126.171284
33.275609, 126.171275
33.275646, 126.171276
33.275682, 126.171283
33.275702, 126.171282
33.275726, 126.171269
33.275753, 126.171247
33.275783, 126.171215
33.276016, 126.170939
33.276085, 126.170872
33.276164, 126.170823
33.276230, 126.170791
33.276265, 126.170780
33.276301, 126.170778
33.276339, 126.170787
33.276379, 126.170804
33.276438, 126.170838
33.276495, 126.170881
33.276548, 126.170946
33.276572, 126.170984
33.276583, 126.171007
33.276588, 126.171039
33.276590, 126.171079
33.276587, 126.171128
33.276568, 126.171309
33.276524, 126.171629
33.276522, 126.171733
33.276547, 126.171832
33.276665, 126.172135
33.276687, 126.172177
33.276716, 126.172205
33.276751, 126.172219
33.276792, 126.172219
33.277277, 126.172142
33.277472, 126.172179
33.277560, 126.172183
33.277646, 126.172160
33.277871, 126.172065
33.278110, 126.171874
33.278188, 126.171823
33.278272, 126.171789
33.280137, 126.171261
33.280170, 126.171253
33.280182, 126.171252
33.280172, 126.171259
33.280141, 126.171274
33.279843, 126.171405
33.279805, 126.171425
33.279776, 126.171448
33.279757, 126.171473
33.279746, 126.171501
33.279739, 126.171530
33.279740, 126.171577
33.279757, 126.171662
33.279882, 126.172209
33.279885, 126.172818
33.279889, 126.172868
33.279900, 126.172913
33.279918, 126.172952
33.279944, 126.172984
33.280002, 126.173043
33.280351, 126.173229
33.280962, 126.173372
33.281463, 126.173652
33.281828, 126.173754
33.281924, 126.173777
33.281964, 126.173792
33.281996, 126.173816
33.282021, 126.173849
33.282037, 126.173891
33.282061, 126.173985
33.282076, 126.174088
33.282085, 126.174134
33.282096, 126.174170
33.282111, 126.174195
33.282128, 126.174209
33.282146, 126.174218
33.282182, 126.174219
33.282252, 126.174204
33.282752, 126.174076
33.283403, 126.173941
33.283569, 126.173841
33.283645, 126.173785
33.283713, 126.173716
33.284326, 126.172978
33.285236, 126.172382
33.285536, 126.172090
33.285570, 126.172062
33.285602, 126.172044
33.285632, 126.172036
33.285659, 126.172039
33.285686, 126.172047
33.285727, 126.172045
33.285798, 126.172022
33.286013, 126.171938
33.286093, 126.171894
33.286160, 126.171827
33.286280, 126.171675
33.286635, 126.170808
33.286677, 126.170528
33.286705, 126.170429
33.286755, 126.170343
33.287631, 126.169215
33.288993, 126.167446
33.289061, 126.167384
33.289144, 126.167354
33.289478, 126.167306
33.289517, 126.167293
33.289546, 126.167269
33.289564, 126.167233
33.289572, 126.167185
33.289577, 126.167076
33.289463, 126.166516
33.289456, 126.166465
33.289459, 126.166418
33.289470, 126.166373
33.289490, 126.166332
33.289514, 126.166292
33.289553, 126.166251
33.289621, 126.166208
33.289874, 126.166074
33.290076, 126.165974
33.290147, 126.165919
33.290196, 126.165835
33.290237, 126.165728
33.290280, 126.165635
33.290336, 126.165552
33.290905, 126.164841
33.290935, 126.164808
33.290962, 126.164789
33.290987, 126.164783
33.291010, 126.164790
33.291031, 126.164803
33.291060, 126.164834
33.291106, 126.164902
33.291429, 126.165408
33.291555, 126.165554
33.291588, 126.165584
33.291623, 126.165598
33.291660, 126.165596
33.291699, 126.165579
33.292102, 126.165324
33.292174, 126.165264
33.292229, 126.165183
33.292466, 126.164723
33.292501, 126.164628
33.292509, 126.164524
33.292505, 126.164423
33.292513, 126.164324
33.292544, 126.164228
33.292627, 126.164048
33.292728, 126.163925
33.292755, 126.163889
33.292774, 126.163856
33.292784, 126.163827
33.292785, 126.163801
33.292783, 126.163777
33.292785, 126.163762
33.292796, 126.163740
33.292815, 126.163711
33.292842, 126.163676
33.293181, 126.163248
33.293272, 126.163174
33.293309, 126.163151
33.293347, 126.163142
33.293386, 126.163147
33.293425, 126.163165
33.293905, 126.163481
33.293945, 126.163501
33.293985, 126.163508
33.294024, 126.163502
33.294064, 126.163484
33.294121, 126.163450
33.294150, 126.163438
33.294183, 126.163436
33.294220, 126.163443
33.294259, 126.163459
33.294798, 126.163742
33.295065, 126.163914
33.295147, 126.163935
33.295310, 126.164028
33.295538, 126.164247
33.295691, 126.164491
33.295752, 126.164551
33.295809, 126.164621
33.295855, 126.164708
33.295956, 126.164949
33.296396, 126.165548
33.296903, 126.166374
33.297500, 126.167141
33.298118, 126.167800
33.298190, 126.167861
33.298272, 126.167900
33.299021, 126.168144
33.299100, 126.168187
33.299161, 126.168259
33.299216, 126.168351
33.299244, 126.168422
33.299257, 126.168449
33.299266, 126.168456
33.299271, 126.168444
33.299273, 126.168413
33.299274, 126.168333
33.299252, 126.168061
33.299250, 126.167961
33.299258, 126.167877
33.299266, 126.167839
33.299268, 126.167822
33.299267, 126.167811
33.299262, 126.167804
33.299255, 126.167802
33.299245, 126.167803
33.299247, 126.167801
33.299260, 126.167794
33.299284, 126.167782
33.299320, 126.167766
33.299703, 126.167593
33.299970, 126.167542
33.300127, 126.167489
33.300166, 126.167479
33.300195, 126.167476
33.300216, 126.167482
33.300226, 126.167495
33.300233, 126.167513
33.300240, 126.167518
33.300258, 126.167515
33.300284, 126.167504
33.300320, 126.167485
33.300652, 126.167302
33.300692, 126.167285
33.300728, 126.167277
33.300761, 126.167279
33.300791, 126.167290
33.300820, 126.167307
33.300838, 126.167311
33.300862, 126.167307
33.300892, 126.167296
33.300929, 126.167276
33.301056, 126.167201
33.301346, 126.166918
33.301522, 126.166786
33.301928, 126.166354
33.302232, 126.166105
33.302309, 126.166055
33.302395, 126.166027
33.302715, 126.165965
33.302802, 126.165940
33.302884, 126.165899
33.303166, 126.165725
33.303344, 126.165677
33.303428, 126.165645
33.303506, 126.165593
33.303685, 126.165446
33.303891, 126.165231
33.303964, 126.165171
33.304046, 126.165134
33.304316, 126.165053
33.304696, 126.165073
33.304784, 126.165065
33.304867, 126.165032
33.305200, 126.164842
33.305622, 126.164391
33.305695, 126.164332
33.305778, 126.164300
33.306207, 126.164207
33.306728, 126.163977
33.306814, 126.163949
33.306903, 126.163940
33.307118, 126.163941
33.307159, 126.163938
33.307193, 126.163928
33.307220, 126.163912
33.307240, 126.163888
33.307257, 126.163862
33.307263, 126.163850
33.307264, 126.163840
33.307261, 126.163834
33.307254, 126.163831
33.307244, 126.163829
33.307245, 126.163827
33.307259, 126.163823
33.307285, 126.163816
33.307323, 126.163808
33.307564, 126.163755
33.307651, 126.163752
33.307734, 126.163782
33.308256, 126.164078
33.308567, 126.164265
33.308650, 126.164301
33.308738, 126.164315
33.308914, 126.164321
33.308955, 126.164328
33.308987, 126.164349
33.309011, 126.164382
33.309026, 126.164428
33.309135, 126.164960
33.309150, 126.165049
33.309153, 126.165108
33.309151, 126.165131
33.309145, 126.165144
33.309131, 126.165163
33.309108, 126.165186
33.309075, 126.165215
33.308925, 126.165341
33.308425, 126.165656
33.307851, 126.166277
33.307223, 126.167161
33.306517, 126.168234
33.306494, 126.168275
33.306480, 126.168311
33.306474, 126.168343
33.306478, 126.168372
33.306486, 126.168398
33.306508, 126.168436
33.306560, 126.168497
33.306750, 126.168704
33.306814, 126.168766
33.306873, 126.168805
33.306901, 126.168820
33.306943, 126.168822
33.307014, 126.168801
33.307231, 126.168716
33.307910, 126.168641
33.307999, 126.168642
33.308085, 126.168663
33.308526, 126.168826
33.308617, 126.168881
33.309755, 126.169247
33.309798, 126.169256
33.309840, 126.169255
33.309880, 126.169243
33.309919, 126.169220
33.310010, 126.169156
33.310529, 126.168587
33.310658, 126.168337
33.310715, 126.168260
33.310791, 126.168211
33.310854, 126.168185
33.310923, 126.168165
33.311007, 126.168157
33.312366, 126.168128
33.312924, 126.168196
33.312965, 126.168194
33.312998, 126.168178
33.313023, 126.168148
33.313040, 126.168104
33.313067, 126.167997
33.313100, 126.167898
33.313147, 126.167807
33.313174, 126.167763
33.313216, 126.167720
33.313286, 126.167682
33.313399, 126.167635
33.313454, 126.167595
33.313477, 126.167576
33.313494, 126.167556
33.313504, 126.167537
33.313508, 126.167518
33.313507, 126.167499
33.313511, 126.167475
33.313522, 126.167442
33.313529, 126.167424
33.313529, 126.167410
33.313524, 126.167388
33.313513, 126.167357
33.313497, 126.167318
33.313478, 126.167275
33.313470, 126.167255
33.313465, 126.167239
33.313464, 126.167228
33.313467, 126.167220
33.313471, 126.167214
33.313478, 126.167214
33.313495, 126.167220
33.313521, 126.167234
33.313557, 126.167253
33.313936, 126.167468
33.314136, 126.167537
33.314279, 126.167624
33.314495, 126.167709
33.314576, 126.167733
33.314648, 126.167737
33.314717, 126.167731
33.314768, 126.167735
33.314824, 126.167720
33.314888, 126.167668
33.315150, 126.167392
33.315286, 126.167237
33.315320, 126.167205
33.315357, 126.167184
33.315398, 126.167174
33.315441, 126.167175
33.315495, 126.167183
33.315552, 126.167201
33.315615, 126.167236
33.315649, 126.167258
33.315663, 126.167273
33.315673, 126.167294
33.315678, 126.167321
33.315679, 126.167355
33.315675, 126.167430
33.315650, 126.167531
33.315641, 126.167631
33.315662, 126.167729
33.315753, 126.167968
33.315795, 126.168057
33.315847, 126.168128
33.315875, 126.168158
33.315891, 126.168171
33.315912, 126.168180
33.315936, 126.168185
33.315964, 126.168185
33.316025, 126.168180
33.316087, 126.168156
33.316117, 126.168150
33.316148, 126.168157
33.316179, 126.168177
33.316210, 126.168210
33.316307, 126.168330
33.316349, 126.168402
33.316373, 126.168434
33.316403, 126.168459
33.316439, 126.168476
33.316481, 126.168485
33.316713, 126.168514
33.316968, 126.168512
33.317056, 126.168502
33.317142, 126.168473
33.317385, 126.168361
33.317423, 126.168338
33.317453, 126.168306
33.317476, 126.168266
33.317490, 126.168218
33.317529, 126.168024
33.317538, 126.167978
33.317542, 126.167947
33.317542, 126.167929
33.317538, 126.167925
33.317533, 126.167927
33.317530, 126.167926
33.317528, 126.167919
33.317527, 126.167905
33.317527, 126.167886
33.317527, 126.167865
33.317520, 126.167824
33.317500, 126.167748
33.317486, 126.167701
33.317482, 126.167678
33.317481, 126.167656
33.317485, 126.167636
33.317493, 126.167618
33.317504, 126.167601
33.317514, 126.167594
33.317534, 126.167590
33.317564, 126.167590
33.317603, 126.167593
33.317663, 126.167599
33.317727, 126.167615
33.317803, 126.167652
33.318197, 126.167875
33.318466, 126.167917
33.318554, 126.167917
33.318638, 126.167887
33.318730, 126.167838
33.318903, 126.167692
33.318980, 126.167638
33.319063, 126.167599
33.319148, 126.167568
33.319233, 126.167550
33.319321, 126.167555
33.319528, 126.167595
33.319616, 126.167601
33.319703, 126.167584
33.319820, 126.167547
33.320376, 126.167274
33.320735, 126.167163
33.320818, 126.167126
33.320892, 126.167068
33.321162, 126.166807
33.321451, 126.166614
33.321532, 126.166573
33.321619, 126.166552
33.322448, 126.166463
33.322536, 126.166467
33.322620, 126.166496
33.322798, 126.166587
33.323132, 126.166849
33.323170, 126.166872
33.323208, 126.166880
33.323247, 126.166876
33.323286, 126.166857
33.323410, 126.166779
33.323656, 126.166476
33.323710, 126.166392
33.323746, 126.166296
33.323818, 126.166029
33.323818, 126.165991
33.323817, 126.165972
33.323813, 126.165956
33.323806, 126.165941
33.323796, 126.165928
33.323784, 126.165917
33.323754, 126.165902
33.323685, 126.165881
33.323621, 126.165863
33.323555, 126.165834
33.323485, 126.165780
33.323366, 126.165672
33.323318, 126.165612
33.323298, 126.165589
33.323286, 126.165579
33.323281, 126.165583
33.323285, 126.165600
33.323292, 126.165624
33.323311, 126.165652
33.323355, 126.165686
33.323382, 126.165705
33.323425, 126.165724
33.323499, 126.165741
33.323575, 126.165756
33.323650, 126.165783
33.323722, 126.165837
33.323815, 126.165925
33.323879, 126.165999
33.323929, 126.166086
33.323952, 126.166136
33.323958, 126.166162
33.323956, 126.166191
33.323945, 126.166224
33.323924, 126.166259
33.323900, 126.166296
33.323861, 126.166338
33.323797, 126.166388
33.323716, 126.166444
33.323649, 126.166507
33.323604, 126.166585
33.323587, 126.166628
33.323582, 126.166686
33.323599, 126.166773
33.323617, 126.166835
33.323639, 126.166893
33.323669, 126.166944
33.323702, 126.166991