33.332827, 126.256429
33.332812, 126.256381
33.332811, 126.256361
33.332824, 126.256349
33.332849, 126.256345
33.332887, 126.256350
33.333140, 126.256399
33.333638, 126.256324
33.333831, 126.256274
33.333867, 126.256264
33.333885, 126.256255
33.333888, 126.256249
33.333873, 126.256244
33.333850, 126.256240
33.333839, 126.256232
33.333830, 126.256210
33.333821, 126.256176
33.333814, 126.256130
33.333779, 126.255842
33.333758, 126.255738
33.333722, 126.255642
33.333650, 126.255492
33.333617, 126.255413
33.333606, 126.255362
33.333606, 126.255326
33.333661, 126.255016
33.333692, 126.254921
33.333749, 126.254844
33.333835, 126.254761
33.334095, 126.254599
33.334178, 126.254564
33.334265, 126.254558
33.334973, 126.254625
33.335274, 126.254689
33.335456, 126.254660
33.335543, 126.254637
33.335624, 126.254595
33.335688, 126.254553
33.335748, 126.254500
33.335801, 126.254422
33.335908, 126.254224
33.336017, 126.254113
33.336090, 126.254060
33.336175, 126.254040
33.336258, 126.254037
33.336342, 126.254043
33.336428, 126.254066
33.336558, 126.254115
33.336599, 126.254127
33.336636, 126.254131
33.336669, 126.254127
33.336698, 126.254114
33.336725, 126.254097
33.336738, 126.254083
33.336751, 126.254059
33.336764, 126.254023
33.336777, 126.253977
33.336854, 126.253668
33.336854, 126.253603
33.336854, 126.253348
33.336866, 126.253245
33.336904, 126.253150
33.337038, 126.252906
33.337077, 126.252812
33.337094, 126.252709
33.337136, 126.251993
33.337208, 126.251604
33.337304, 126.250737
33.337539, 126.250044
33.337559, 126.250001
33.337586, 126.249971
33.337619, 126.249954
33.337658, 126.249950
33.337743, 126.249955
33.338397, 126.250224
33.339100, 126.250626
33.339372, 126.250813
33.339684, 126.250977
33.339722, 126.250989
33.339752, 126.250983
33.339776, 126.250959
33.339794, 126.250917
33.339833, 126.250771
33.339833, 126.250663
33.339832, 126.250569
33.339934, 126.249939
33.340305, 126.248194
33.340336, 126.248105
33.340387, 126.248046
33.340418, 126.248024
33.340436, 126.248018
33.340461, 126.248020
33.340492, 126.248030
33.340530, 126.248048
33.340600, 126.248087
33.340669, 126.248136
33.340734, 126.248203
33.340848, 126.248340
33.340917, 126.248405
33.340998, 126.248446
33.341064, 126.248469
33.341135, 126.248476
33.341215, 126.248452
33.341279, 126.248421
33.341343, 126.248380
33.341407, 126.248315
33.341562, 126.248134
33.341596, 126.248102
33.341632, 126.248080
33.341673, 126.248069
33.341716, 126.248068
33.341847, 126.248082
33.342278, 126.248187
33.342548, 126.248217
33.342635, 126.248237
33.342717, 126.248277
33.342975, 126.248437
33.343096, 126.248547
33.343172, 126.248602
33.343255, 126.248640
33.343390, 126.248685
33.343477, 126.248702
33.343564, 126.248693
33.343800, 126.248635
33.344105, 126.248616
33.344193, 126.248600
33.344277, 126.248565
33.344752, 126.248300
33.345410, 126.247819
33.345485, 126.247774
33.345560, 126.247751
33.345596, 126.247745
33.345645, 126.247750
33.345718, 126.247774
33.345786, 126.247802
33.345859, 126.247823
33.345943, 126.247831
33.345988, 126.247831
33.346041, 126.247844
33.346112, 126.247883
33.346492, 126.248126
33.346526, 126.248154
33.346552, 126.248185
33.346567, 126.248220
33.346574, 126.248258
33.346576, 126.248339
33.346574, 126.248462
33.346583, 126.248566
33.346616, 126.248663
33.346696, 126.248827
33.346728, 126.248922
33.346734, 126.249018
33.346731, 126.249066
33.346711, 126.249121
33.346659, 126.249186
33.346616, 126.249231
33.346576, 126.249283
33.346542, 126.249348
33.346526, 126.249383
33.346522, 126.249403
33.346524, 126.249425
33.346532, 126.249450
33.346546, 126.249479
33.346564, 126.249509
33.346577, 126.249520
33.346599, 126.249524
33.346629, 126.249520
33.346668, 126.249508
33.346716, 126.249491
33.346764, 126.249456
33.346813, 126.249384
33.347037, 126.248970
33.347188, 126.248760
33.347236, 126.248673
33.347263, 126.248573
33.347295, 126.248361
33.347320, 126.248267
33.347365, 126.248197
33.347392, 126.248168
33.347403, 126.248150
33.347408, 126.248124
33.347407, 126.248090
33.347402, 126.248048
33.347393, 126.248003
33.347391, 126.247981
33.347393, 126.247962
33.347400, 126.247944
33.347412, 126.247929
33.347425, 126.247915
33.347458, 126.247903
33.347529, 126.247898
33.347595, 126.247896
33.347654, 126.247903
33.347697, 126.247930
33.347714, 126.247949
33.347725, 126.247955
33.347740, 126.247954
33.347759, 126.247947
33.347782, 126.247934
33.347807, 126.247917
33.347836, 126.247881
33.347876, 126.247807
33.347906, 126.247746
33.347927, 126.247683
33.347931, 126.247617
33.347928, 126.247583
33.347932, 126.247568
33.347946, 126.247556
33.347969, 126.247548
33.348002, 126.247543
33.348077, 126.247536
33.348269, 126.247583
33.348353, 126.247615
33.348430, 126.247666
33.348486, 126.247713
33.348512, 126.247732
33.348534, 126.247743
33.348553, 126.247746
33.348567, 126.247742
33.348580, 126.247733
33.348586, 126.247725
33.348590, 126.247708
33.348592, 126.247683
33.348594, 126.247649
33.348594, 126.247611
33.348584, 126.247559
33.348555, 126.247477
33.348488, 126.247310
33.348441, 126.247226
33.348401, 126.247137
33.348372, 126.247038
33.348350, 126.246941
33.348317, 126.246849
33.348262, 126.246769
33.347482, 126.245877
33.347341, 126.245725
33.347283, 126.245645
33.347243, 126.245551
33.347158, 126.245272
33.346922, 126.244869
33.346883, 126.244795
33.346869, 126.244752
33.346869, 126.244724
33.346895, 126.244599
33.346900, 126.244548
33.346895, 126.244501
33.346880, 126.244457
33.346854, 126.244416
33.346766, 126.244305
33.346560, 126.244143
33.346497, 126.244073
33.346459, 126.243980
33.346368, 126.243609
33.346331, 126.243515
33.346270, 126.243441
33.345954, 126.243160
33.345662, 126.242885
33.345444, 126.242695
33.345255, 126.242422
33.345193, 126.242347
33.345119, 126.242287
33.344838, 126.242098
33.344765, 126.242037
33.344706, 126.241959
33.344673, 126.241905
33.344647, 126.241838
33.344634, 126.241744
33.344606, 126.241242
33.344588, 126.241140
33.344545, 126.241049
33.344356, 126.240755
33.344113, 126.240419
33.344048, 126.240350
33.343969, 126.240305
33.343886, 126.240274
33.343848, 126.240255
33.343815, 126.240227
33.343786, 126.240191
33.343763, 126.240147
33.343589, 126.239741
33.343060, 126.238976
33.342931, 126.238666
33.342899, 126.238567
33.342883, 126.238463
33.342861, 126.238124
33.342847, 126.238045
33.342844, 126.238008
33.342849, 126.237977
33.342863, 126.237951
33.342884, 126.237930
33.342909, 126.237912
33.342950, 126.237905
33.343022, 126.237919
33.343068, 126.237933
33.343089, 126.237939
33.343103, 126.237945
33.343110, 126.237951
33.343112, 126.237957
33.343111, 126.237962
33.343116, 126.237964
33.343132, 126.237963
33.343160, 126.237961
33.343199, 126.237957
33.343287, 126.237947
33.343373, 126.237953
33.343452, 126.237994
33.343548, 126.238066
33.343665, 126.238199
33.343699, 126.238231
33.343736, 126.238252
33.343776, 126.238262
33.343819, 126.238261
33.344143, 126.238212
33.344230, 126.238191
33.344313, 126.238152
33.344544, 126.238019
33.344773, 126.237925
33.345000, 126.237767
33.345081, 126.237724
33.345168, 126.237702
33.345245, 126.237692
33.345322, 126.237671
33.345400, 126.237628
33.345449, 126.237592
33.345506, 126.237562
33.345579, 126.237540
33.345619, 126.237531
33.345668, 126.237510
33.345736, 126.237467
33.345812, 126.237413
33.345848, 126.237390
33.345881, 126.237377
33.345910, 126.237373
33.345936, 126.237378
33.345960, 126.237388
33.345972, 126.237399
33.345985, 126.237421
33.345997, 126.237455
33.346011, 126.237501
33.346120, 126.237914
33.346135, 126.237959
33.346153, 126.237990
33.346174, 126.238008
33.346199, 126.238013
33.346224, 126.238011
33.346239, 126.238004
33.346256, 126.237986
33.346275, 126.237957
33.346298, 126.237917
33.346363, 126.237793
33.346539, 126.237393
33.346570, 126.237319
33.346581, 126.237286
33.346581, 126.237274
33.346562, 126.237101
33.346562, 126.237051
33.346574, 126.237009
33.346597, 126.236975
33.346632, 126.236949
33.346828, 126.236842
33.346911, 126.236808
33.346997, 126.236798
33.347084, 126.236799
33.347489, 126.236951
33.347530, 126.236962
33.347568, 126.236964
33.347601, 126.236956
33.347631, 126.236939
33.347687, 126.236895
33.347924, 126.236620
33.347994, 126.236557
33.348075, 126.236518
33.348187, 126.236484
33.348267, 126.236444
33.348334, 126.236378
33.348558, 126.236083
33.348696, 126.235875
33.348759, 126.235804
33.348839, 126.235762
33.349042, 126.235695
33.349298, 126.235621
33.349632, 126.235439
33.349808, 126.235396
33.349895, 126.235389
33.349981, 126.235409
33.350075, 126.235447
33.350152, 126.235495
33.350214, 126.235568
33.350460, 126.235964
33.350666, 126.236191
33.350726, 126.236269
33.350773, 126.236359
33.351011, 126.236911
33.351044, 126.237009
33.351063, 126.237113
33.351090, 126.237388
33.351169, 126.237770
33.351253, 126.238182
33.351267, 126.238230
33.351287, 126.238271
33.351314, 126.238304
33.351348, 126.238330
33.351422, 126.238373
33.351947, 126.238521
33.352031, 126.238556
33.352106, 126.238611
33.352161, 126.238661
33.352221, 126.238702
33.352291, 126.238723
33.352329, 126.238729
33.352346, 126.238725
33.352361, 126.238707
33.352373, 126.238675
33.352381, 126.238628
33.352409, 126.238433
33.352431, 126.238330
33.352466, 126.238232
33.352504, 126.238146
33.352533, 126.238054
33.352543, 126.237952
33.352546, 126.237732
33.352544, 126.237699
33.352548, 126.237681
33.352560, 126.237657
33.352581, 126.237628
33.352610, 126.237594
33.352910, 126.237269
33.353286, 126.236939
33.353862, 126.236659
33.354041, 126.236506
33.354103, 126.236434
33.354142, 126.236342
33.354177, 126.236215
33.354193, 126.236169
33.354214, 126.236133
33.354240, 126.236107
33.354270, 126.236091
33.354336, 126.236070
33.354449, 126.236066
33.354533, 126.236047
33.354607, 126.235993
33.354854, 126.235734
33.354927, 126.235682
33.355012, 126.235667
33.355293, 126.235682
33.355388, 126.235695
33.355432, 126.235697
33.355473, 126.235688
33.355512, 126.235669
33.355548, 126.235640
33.356001, 126.235205
33.356037, 126.235176
33.356076, 126.235158
33.356117, 126.235150
33.356160, 126.235152
33.356481, 126.235203
33.356551, 126.235206
33.356586, 126.235213
33.356619, 126.235229
33.356650, 126.235255
33.356680, 126.235291
33.356715, 126.235341
33.356748, 126.235403
33.356777, 126.235493
33.356819, 126.235659
33.356858, 126.235751
33.356919, 126.235824
33.357072, 126.235953
33.357108, 126.235978
33.357143, 126.235992
33.357176, 126.235993
33.357208, 126.235983
33.357271, 126.235950
33.357393, 126.235873
33.357433, 126.235853
33.357474, 126.235843
33.357516, 126.235843
33.357558, 126.235854
33.357738, 126.235921
33.357821, 126.235960
33.357897, 126.236016
33.357937, 126.236051
33.357973, 126.236103
33.358001, 126.236189
33.358081, 126.236530
33.358117, 126.236624
33.358177, 126.236698
33.358226, 126.236741
33.358273, 126.236798
33.358314, 126.236881
33.358382, 126.237049
33.358430, 126.237138
33.358493, 126.237211
33.358573, 126.237283
33.358610, 126.237310
33.358649, 126.237325
33.358689, 126.237328
33.358732, 126.237320
33.358905, 126.237265
33.358945, 126.237247
33.358979, 126.237222
33.359006, 126.237190
33.359027, 126.237150
33.359044, 126.237107
33.359058, 126.237059
33.359062, 126.237002
33.359063, 126.236941
33.359061, 126.236796
33.359075, 126.236695
33.359119, 126.236606
33.359202, 126.236488
33.359250, 126.236401
33.359278, 126.236301
33.359297, 126.236193
33.359308, 126.236146
33.359324, 126.236110
33.359343, 126.236086
33.359367, 126.236073
33.359419, 126.236058
33.359471, 126.236053
33.359525, 126.236030
33.359586, 126.235972
33.359974, 126.235510
33.360030, 126.235429
33.360072, 126.235335
33.360297, 126.234670
33.360331, 126.234592
33.360358, 126.234506
33.360375, 126.234407
33.360403, 126.234131
33.360517, 126.233709
33.360517, 126.233281
33.360566, 126.232709
33.360587, 126.232613
33.360600, 126.232567
33.360621, 126.232527
33.360650, 126.232493
33.360685, 126.232463
33.360777, 126.232400
33.361036, 126.232323
33.361124, 126.232306
33.361213, 126.232308
33.361313, 126.232321
33.361402, 126.232321
33.361488, 126.232298
33.361677, 126.232222
33.361904, 126.232048
33.362304, 126.231846
33.362352, 126.231831
33.362375, 126.231818
33.362397, 126.231796
33.362418, 126.231763
33.362438, 126.231719
33.362468, 126.231646
33.362478, 126.231611
33.362477, 126.231579
33.362467, 126.231551
33.362447, 126.231525
33.362421, 126.231501
33.362410, 126.231485
33.362402, 126.231463
33.362397, 126.231433
33.362395, 126.231396
33.362394, 126.231356
33.362398, 126.231334
33.362412, 126.231310
33.362435, 126.231283
33.362467, 126.231253
33.362688, 126.231067
33.362765, 126.231020
33.362851, 126.231006
33.363404, 126.231010
33.363492, 126.231000
33.363577, 126.230969
33.363706, 126.230905
33.364225, 126.230406
33.364260, 126.230378
33.364293, 126.230362
33.364325, 126.230356
33.364355, 126.230361
33.364416, 126.230384
33.364434, 126.230397
33.364447, 126.230399
33.364466, 126.230392
33.364493, 126.230376
33.364526, 126.230350
33.364717, 126.230194
33.365330, 126.229903
33.365409, 126.229855
33.365479, 126.229790
33.365752, 126.229482
33.366624, 126.228351
33.366850, 126.228082
33.367405, 126.227380
33.368000, 126.226776
33.368072, 126.226715
33.368153, 126.226671
33.368424, 126.226561
33.369295, 126.226435
33.370110, 126.226376
33.370198, 126.226359
33.370280, 126.226320
33.370426, 126.226227
33.370500, 126.226169
33.370563, 126.226094
33.370979, 126.225491
33.371002, 126.225452
33.371013, 126.225419
33.371013, 126.225391
33.371001, 126.225368
33.370984, 126.225349
33.370949, 126.225328
33.370879, 126.225305
33.370066, 126.225078
33.369982, 126.225044
33.369905, 126.224992
33.369235, 126.224429
33.368682, 126.224139
33.368611, 126.224107
33.368565, 126.224098
33.368547, 126.224099
33.368545, 126.224102
33.368555, 126.224111
33.368577, 126.224125
33.368611, 126.224146
33.368693, 126.224191
33.369291, 126.224469
33.369950, 126.224984
33.370028, 126.225033
33.370113, 126.225065
33.370817, 126.225241
33.370859, 126.225245
33.370897, 126.225236
33.370932, 126.225214
33.370962, 126.225179
33.371512, 126.224379
33.371560, 126.224291
33.371589, 126.224191
33.371628, 126.223984
33.371858, 126.221999
33.371722, 126.220788
33.371612, 126.220089
33.371604, 126.219983
33.371611, 126.219877
33.371622, 126.219794
33.371632, 126.219755
33.371651, 126.219720
33.371678, 126.219690
33.371715, 126.219665
33.371760, 126.219639
33.371802, 126.219594
33.371837, 126.219513
33.371959, 126.219136
33.372000, 126.219043
33.372058, 126.218963
33.372239, 126.218765
33.372537, 126.218590
33.372608, 126.218530
33.372659, 126.218446
33.372720, 126.218300
33.372775, 126.217943
33.372802, 126.217844
33.372852, 126.217758
33.372958, 126.217618
33.373024, 126.217547
33.373099, 126.217491
33.373466, 126.217270
33.373535, 126.217210
33.373584, 126.217125
33.373667, 126.216913
33.373715, 126.216771
33.373757, 126.216678
33.373816, 126.216599
33.373995, 126.216407
33.374439, 126.215571
33.374488, 126.215494
33.374541, 126.215442
33.374567, 126.215423
33.374581, 126.215418
33.374596, 126.215421
33.374612, 126.215432
33.374629, 126.215453
33.374646, 126.215477
33.374667, 126.215521
33.374694, 126.215602
33.374921, 126.216348
33.375106, 126.216808
33.375128, 126.216848
33.375154, 126.216872
33.375185, 126.216880
33.375221, 126.216871
33.375258, 126.216854
33.375296, 126.216824
33.375333, 126.216769
33.375352, 126.216736
33.375357, 126.216716
33.375353, 126.216689
33.375340, 126.216655
33.375318, 126.216615
33.375225, 126.216463
33.375203, 126.216422
33.375188, 126.216388
33.375181, 126.216359
33.375182, 126.216337
33.375186, 126.216317
33.375185, 126.216306
33.375176, 126.216290
33.375159, 126.216271
33.375134, 126.216248
33.375105, 126.216222
33.375076, 126.216178
33.375044, 126.216097
33.374948, 126.215803
33.374822, 126.215363
33.374738, 126.215204
33.374701, 126.215133
33.374689, 126.215102
33.374689, 126.215090
33.374768, 126.214787
33.374788, 126.214683
33.374793, 126.214577
33.374779, 126.213980
33.374786, 126.213875
33.374814, 126.213775
33.374846, 126.213693
33.374891, 126.213622
33.374961, 126.213571
33.375003, 126.213552
33.375056, 126.213542
33.375133, 126.213553
33.375262, 126.213584
33.375347, 126.213615
33.375426, 126.213663
33.375482, 126.213705
33.375546, 126.213741
33.375626, 126.213764
33.375971, 126.213832
33.376408, 126.213957
33.376730, 126.213961
33.376818, 126.213971
33.376904, 126.214000
33.377020, 126.214053
33.377099, 126.214101
33.377168, 126.214168
33.377278, 126.214303
33.377373, 126.214448
33.377716, 126.214779
33.377776, 126.214855
33.377814, 126.214949
33.377913, 126.215319
33.377982, 126.215510
33.378010, 126.215611
33.378023, 126.215716
33.378033, 126.215919
33.378047, 126.216023
33.378078, 126.216123
33.378124, 126.216233
33.378147, 126.216276
33.378176, 126.216306
33.378212, 126.216325
33.378254, 126.216333
33.378464, 126.216340
33.378869, 126.216485
33.378951, 126.216498
33.379023, 126.216474
33.379057, 126.216452
33.379097, 126.216416
33.379147, 126.216347
33.379206, 126.216260
33.379268, 126.216184
33.379341, 126.216125
33.379797, 126.215827
33.380138, 126.215685
33.380216, 126.215639
33.380282, 126.215569
33.380349, 126.215476
33.380451, 126.215199
33.380500, 126.215115
33.380571, 126.215060
33.380735, 126.214981
33.380820, 126.214954
33.380909, 126.214951
33.381098, 126.214973
33.381217, 126.214971
33.381635, 126.215016
33.381848, 126.215083
33.381889, 126.215101
33.381924, 126.215126
33.381953, 126.215158
33.381977, 126.215199
33.381999, 126.215243
33.382014, 126.215302
33.382016, 126.215394
33.382005, 126.215712
33.382008, 126.215757
33.382020, 126.215784
33.382042, 126.215794
33.382073, 126.215786
33.382109, 126.215769
33.382130, 126.215764
33.382156, 126.215768
33.382188, 126.215780
33.382226, 126.215799
33.382345, 126.215869
33.382404, 126.215881
33.382459, 126.215899
33.382509, 126.215928
33.382532, 126.215945
33.382571, 126.215962
33.382643, 126.215979
33.382689, 126.215988
33.382711, 126.215998
33.382733, 126.216019
33.382754, 126.216051
33.382774, 126.216094
33.382812, 126.216186
33.382834, 126.216228
33.382862, 126.216262
33.382897, 126.216287
33.382938, 126.216303
33.383394, 126.216430
33.383474, 126.216468
33.383542, 126.216533
33.383664, 126.216692
33.383738, 126.216745
33.383799, 126.216811
33.383834, 126.216903
33.383849, 126.216972
33.383857, 126.217050
33.383850, 126.217147
33.383789, 126.217583
33.383753, 126.218673
33.383757, 126.218762
33.383776, 126.218815
33.383789, 126.218833
33.383800, 126.218838
33.383819, 126.218834
33.383847, 126.218822
33.383882, 126.218802
33.384039, 126.218706
33.384113, 126.218681
33.384146, 126.218672
33.384174, 126.218669
33.384196, 126.218672
33.384212, 126.218681
33.384224, 126.218693
33.384255, 126.218710
33.384323, 126.218735
33.384366, 126.218749
33.384414, 126.218779
33.384474, 126.218838
33.384537, 126.218911
33.384590, 126.218990
33.384622, 126.219079
33.384644, 126.219173
33.384668, 126.219324
33.384681, 126.219374
33.384701, 126.219416
33.384730, 126.219451
33.384766, 126.219479
33.384859, 126.219535
33.384942, 126.219570
33.385030, 126.219580
33.385141, 126.219576
33.385184, 126.219580
33.385224, 126.219593
33.385261, 126.219617
33.385294, 126.219650
33.385595, 126.220019
33.385745, 126.220298
33.386397, 126.221175
33.386452, 126.221264
33.386511, 126.221343
33.386583, 126.221406
33.386885, 126.221620
33.387484, 126.221843
33.387934, 126.222221
33.388011, 126.222275
33.388094, 126.222312
33.388272, 126.222371
33.388569, 126.222383
33.388677, 126.222405
33.388766, 126.222414
33.388854, 126.222406
33.389587, 126.222267
33.389981, 126.222277
33.390023, 126.222282
33.390060, 126.222294
33.390091, 126.222313
33.390116, 126.222340
33.390139, 126.222370
33.390148, 126.222390
33.390151, 126.222419
33.390150, 126.222458
33.390143, 126.222506
33.390120, 126.222640
33.389825, 126.223652
33.389630, 126.224758
33.389527, 126.225467
33.389463, 126.225614
33.389441, 126.225657
33.389413, 126.225690
33.389382, 126.225713
33.389346, 126.225726
33.389270, 126.225743
33.389185, 126.225747
33.389149, 126.225755
33.389126, 126.225776
33.389115, 126.225810
33.389117, 126.225857
33.389138, 126.225996
33.389262, 126.226726
33.389385, 126.227327
33.389413, 126.227429
33.389454, 126.227523
33.389503, 126.227617
33.389535, 126.227712
33.389533, 126.227814
33.389461, 126.228247
33.389458, 126.228350
33.389486, 126.228447
33.389519, 126.228518
33.389561, 126.228587
33.389625, 126.228650
33.389688, 126.228702
33.389757, 126.228746
33.389838, 126.228776
33.389915, 126.228795
33.389988, 126.228829
33.390056, 126.228891
33.390188, 126.229046
33.390237, 126.229111
33.390255, 126.229157
33.390256, 126.229175
33.390252, 126.229186
33.390237, 126.229200
33.390212, 126.229219
33.390177, 126.229241
33.389589, 126.229591
33.389511, 126.229630
33.389441, 126.229683
33.389388, 126.229762
33.389351, 126.229839
33.389332, 126.229872
33.389312, 126.229893
33.389291, 126.229902
33.389269, 126.229900
33.389224, 126.229884
33.389165, 126.229846
33.389134, 126.229831
33.389100, 126.229826
33.389062, 126.229831
33.389022, 126.229845
33.388919, 126.229890
33.388668, 126.230092
33.388579, 126.230144
33.388543, 126.230166
33.388519, 126.230186
33.388506, 126.230203
33.388503, 126.230218
33.388508, 126.230246
33.388530, 126.230300
33.388539, 126.230324
33.388543, 126.230342
33.388545, 126.230354
33.388542, 126.230359
33.388537, 126.230361
33.388539, 126.230367
33.388548, 126.230384
33.388565, 126.230410
33.388590, 126.230447
33.388829, 126.230798
33.388981, 126.230993
33.389013, 126.231026
33.389048, 126.231047
33.389087, 126.231056
33.389129, 126.231052
33.389173, 126.231041
33.389196, 126.231042
33.389220, 126.231055
33.389245, 126.231080
33.389272, 126.231116
33.389320, 126.231188
33.389362, 126.231268
33.389394, 126.231364
33.389510, 126.231807
33.389522, 126.232181
33.389511, 126.232282
33.389468, 126.232371
33.389345, 126.232546
33.389204, 126.232695
33.389150, 126.232775
33.389123, 126.232873
33.389109, 126.232987
33.389205, 126.234131
33.389381, 126.234689
33.389420, 126.234785
33.389472, 126.234872
33.389595, 126.235043
33.389639, 126.235112
33.389655, 126.235157
33.389655, 126.235173
33.389660, 126.235185
33.389673, 126.235203
33.389694, 126.235228
33.389723, 126.235260
33.389909, 126.235455
33.390157, 126.235770
33.390359, 126.235941
33.390435, 126.235993
33.390515, 126.236026
33.390556, 126.236037
33.390610, 126.236042
33.390687, 126.236033
33.391354, 126.235920
33.391545, 126.235849
33.391585, 126.235838
33.391621, 126.235839
33.391651, 126.235851
33.391677, 126.235875
33.391700, 126.235904
33.391718, 126.235953
33.391724, 126.236041
33.391725, 126.236145
33.391738, 126.236243
33.391776, 126.236331
33.391801, 126.236372
33.391840, 126.236416
33.391905, 126.236464
33.392375, 126.236764
33.392793, 126.237217
33.393222, 126.237764
33.393288, 126.237836
33.393363, 126.237893
33.393465, 126.237956
33.393540, 126.238013
33.393605, 126.238085
33.393792, 126.238330
33.394077, 126.238829
33.394228, 126.239390
33.394346, 126.239695
33.394434, 126.239958
33.394515, 126.240080
33.394647, 126.240409
33.394663, 126.240453
33.394671, 126.240489
33.394672, 126.240517
33.394666, 126.240537
33.394656, 126.240552
33.394653, 126.240565
33.394656, 126.240589
33.394665, 126.240623
33.394679, 126.240668
33.394898, 126.241311
33.395216, 126.241816
33.395276, 126.241922
33.395304, 126.241962
33.395337, 126.241993
33.395374, 126.242015
33.395416, 126.242027
33.395615, 126.242063
33.395739, 126.242042
33.395826, 126.242042
33.395909, 126.242073
33.395997, 126.242123
33.396169, 126.242194
33.396248, 126.242241
33.396315, 126.242309
33.396718, 126.242844
33.396734, 126.242869
33.396766, 126.242899
33.396832, 126.242939
33.397250, 126.243171
33.397705, 126.243286
33.398143, 126.243367
33.398186, 126.243370
33.398225, 126.243361
33.398262, 126.243341
33.398295, 126.243309
33.398326, 126.243271
33.398344, 126.243255
33.398368, 126.243244
33.398398, 126.243237
33.398432, 126.243235
33.398470, 126.243236
33.398489, 126.243241
33.398512, 126.243257
33.398537, 126.243282
33.398565, 126.243318
33.398605, 126.243375
33.398635, 126.243443
33.398644, 126.243534
33.398643, 126.243636
33.398582, 126.243929
33.398573, 126.244033
33.398588, 126.244136
33.398688, 126.244515
33.398723, 126.244603
33.398772, 126.244662
33.398828, 126.244706
33.398877, 126.244723
33.398898, 126.244736
33.398915, 126.244762
33.398927, 126.244798
33.398934, 126.244846
33.398943, 126.244956
33.398901, 126.245489
33.398900, 126.245596
33.398915, 126.245701
33.398968, 126.245956
33.398982, 126.246061
33.398981, 126.246167
33.398961, 126.246388
33.398960, 126.246440
33.398968, 126.246489
33.398985, 126.246534
33.399010, 126.246576
33.399699, 126.247524
33.399837, 126.247763
33.400072, 126.248470
33.400674, 126.249772
33.400723, 126.249926
33.400763, 126.250020
33.400820, 126.250100
33.401263, 126.250594
33.401922, 126.251143
33.402033, 126.251187
33.402074, 126.251197
33.402112, 126.251193
33.402148, 126.251175
33.402181, 126.251144
33.402252, 126.251057
33.402321, 126.250992
33.402402, 126.250951
33.402938, 126.250774
33.403025, 126.250759
33.403112, 126.250770
33.403355, 126.250840
33.403510, 126.250927
33.403905, 126.251311
33.403979, 126.251366
33.404063, 126.251395
33.404278, 126.251434
33.404321, 126.251437
33.404361, 126.251428
33.404399, 126.251409
33.404435, 126.251379
33.404595, 126.251212
33.404627, 126.251183
33.404655, 126.251167
33.404678, 126.251163
33.404698, 126.251173
33.404716, 126.251188
33.404734, 126.251226
33.404752, 126.251309
33.404774, 126.251440
33.404787, 126.251489
33.404809, 126.251528
33.404839, 126.251559
33.404877, 126.251581
33.405264, 126.251743
33.405343, 126.251790
33.405409, 126.251859
33.405552, 126.252050
33.405623, 126.252195
33.405649, 126.252236
33.405680, 126.252269
33.405716, 126.252292
33.405758, 126.252307
33.405963, 126.252352
33.406041, 126.252387
33.406099, 126.252453
33.406122, 126.252494
33.406142, 126.252552
33.406154, 126.252642
33.406165, 126.252777
33.406161, 126.252881
33.406130, 126.252978
33.406066, 126.253112
33.406016, 126.253200
33.405955, 126.253277
33.405526, 126.253740
33.405498, 126.253777
33.405479, 126.253817
33.405470, 126.253860
33.405471, 126.253906
33.405477, 126.253953
33.405495, 126.254010
33.405538, 126.254086
33.405634, 126.254234
33.405664, 126.254272
33.405697, 126.254301
33.405734, 126.254320
33.405774, 126.254331
33.405817, 126.254337
33.405869, 126.254328
33.405938, 126.254290
33.406202, 126.254114
33.406876, 126.253502
33.406909, 126.253476
33.406939, 126.253466
33.406964, 126.253471
33.406984, 126.253491
33.407003, 126.253518
33.407017, 126.253565
33.407023, 126.253653
33.407032, 126.254128
33.407037, 126.254174
33.407051, 126.254204
33.407074, 126.254219
33.407105, 126.254218
33.407141, 126.254209
33.407187, 126.254188
33.407253, 126.254143
33.407686, 126.253828
33.407763, 126.253784
33.407840, 126.253763
33.407878, 126.253758
33.407925, 126.253771
33.407988, 126.253818
33.408487, 126.254264
33.410064, 126.255907
33.411015, 126.256894
33.411176, 126.257078
33.411532, 126.257386
33.411742, 126.257711
33.411790, 126.257793
33.411846, 126.257868
33.411918, 126.257927
33.412343, 126.258203
33.413021, 126.259031
33.413688, 126.259676
33.415392, 126.261489
33.415465, 126.261544
33.415549, 126.261565
33.415636, 126.261569
33.415673, 126.261577
33.415698, 126.261598
33.415709, 126.261632
33.415708, 126.261679
33.415693, 126.261784
33.415690, 126.261888
33.415711, 126.261990
33.415838, 126.262387
33.415880, 126.262479
33.415940, 126.262556
33.416077, 126.262690
33.416404, 126.262895
33.416486, 126.262935
33.416573, 126.262955
33.416643, 126.262962
33.416716, 126.262961
33.416799, 126.262943
33.417089, 126.262857
33.418666, 126.262347
33.418753, 126.262334
33.418839, 126.262351
33.418934, 126.262387
33.418934, 126.262387
33.418934, 126.262387