33.419090, 126.262529
33.419107, 126.262506
33.419130, 126.262509
33.419131, 126.262484
33.419116, 126.262425
33.419130, 126.262379
33.419150, 126.262357
33.419166, 126.262388
33.419163, 126.262401
33.419151, 126.262397
33.419225, 126.262357
33.419413, 126.262214
33.419461, 126.262155
33.419689, 126.262103
33.419900, 126.262183
33.420088, 126.262548
33.420151, 126.262901
33.420197, 126.263094
33.420191, 126.263114
33.420154, 126.263096
33.420117, 126.262998
33.419920, 126.262365
33.419876, 126.262428
33.419878, 126.262522
33.419921, 126.262500
33.420039, 126.262357
33.420174, 126.262016
33.420278, 126.261954
33.422164, 126.261989
33.422495, 126.262240
33.424159, 126.263221
33.424849, 126.263747
33.424929, 126.263946
33.425095, 126.264447
33.425168, 126.264487
33.425989, 126.264264
33.426120, 126.264285
33.426267, 126.265026
33.426430, 126.265421
33.426510, 126.265705
33.426477, 126.266250
33.426203, 126.267337
33.426139, 126.267670
33.426224, 126.268601
33.426162, 126.268816
33.426222, 126.268961
33.426371, 126.269047
33.426680, 126.268925
33.426867, 126.268890
33.426922, 126.268946
33.427124, 126.269660
33.427404, 126.270120
33.427443, 126.270252
33.427394, 126.270410
33.426202, 126.272087
33.424326, 126.274712
33.424287, 126.274829
33.424341, 126.274948
33.425460, 126.276130
33.425586, 126.276371
33.425438, 126.276654
33.425396, 126.276795
33.425423, 126.277102
33.425343, 126.277473
33.425368, 126.277652
33.425411, 126.277705
33.425542, 126.277737
33.425675, 126.277764
33.425751, 126.277861
33.425803, 126.278047
33.426278, 126.278544
33.426760, 126.279211
33.427485, 126.279824
33.427715, 126.280486
33.428592, 126.281339
33.428813, 126.281494
33.429045, 126.281763
33.429259, 126.282351
33.429223, 126.282454
33.429037, 126.282635
33.428945, 126.282765
33.428971, 126.282833
33.429227, 126.283205
33.429462, 126.283377
33.429627, 126.283377
33.430156, 126.283698
33.430381, 126.283986
33.430400, 126.284179
33.430291, 126.284373
33.430276, 126.284475
33.430308, 126.284542
33.430502, 126.284675
33.430961, 126.285252
33.431278, 126.285488
33.431646, 126.285699
33.431999, 126.286359
33.432447, 126.286673
33.432726, 126.287378
33.432734, 126.287838
33.432609, 126.288279
33.432694, 126.288447
33.432901, 126.288767
33.433028, 126.289064
33.433216, 126.289359
33.433330, 126.289554
33.433448, 126.289700
33.433463, 126.289892
33.433421, 126.290867
33.433437, 126.290987
33.433517, 126.291043
33.433941, 126.291186
33.434250, 126.291676
33.434442, 126.291859
33.434509, 126.291910
33.434624, 126.292224
33.434899, 126.293041
33.434833, 126.293127
33.434292, 126.293379
33.434211, 126.293565
33.434125, 126.294845
33.433993, 126.295237
33.433937, 126.295897
33.433713, 126.296291
33.432821, 126.297874
33.432366, 126.298012
33.432279, 126.298115
33.431934, 126.299305
33.431820, 126.299495
33.431561, 126.299673
33.431036, 126.301010
33.430956, 126.301117
33.430197, 126.301299
33.430113, 126.301373
33.430120, 126.301793
33.429954, 126.302279
33.429922, 126.302525
33.429938, 126.302975
33.429577, 126.303710
33.429575, 126.304537
33.429628, 126.304727
33.429616, 126.304803
33.429438, 126.305150
33.429389, 126.305294
33.429431, 126.305227
33.429475, 126.305016
33.429487, 126.304957
33.429499, 126.304959
33.429568, 126.304901
33.430481, 126.304465
33.430721, 126.304294
33.431139, 126.304231
33.431674, 126.304390
33.431901, 126.304772
33.431886, 126.304925
33.431749, 126.305091
33.430864, 126.305857
33.430502, 126.306054
33.429883, 126.307028
33.429750, 126.307184
33.429709, 126.307191
33.429700, 126.307161
33.429693, 126.307082
33.429643, 126.306966
33.429602, 126.306941
33.429571, 126.306940
33.429562, 126.306953
33.429601, 126.306993
33.430233, 126.307551
33.430601, 126.308401
33.430755, 126.308682
33.430740, 126.308774
33.430601, 126.308892
33.430549, 126.308979
33.430543, 126.309134
33.431068, 126.310562
33.431068, 126.310865
33.431127, 126.311072
33.431194, 126.311121
33.431339, 126.311099
33.431853, 126.310985
33.431964, 126.311056
33.432402, 126.311515
33.432587, 126.311560
33.432740, 126.311570
33.432783, 126.311642
33.432772, 126.312030
33.432728, 126.312170
33.432177, 126.312745
33.432149, 126.312890
33.432197, 126.313123
33.432176, 126.313293
33.432212, 126.313364
33.432273, 126.313402
33.432661, 126.313363
33.432916, 126.313407
33.433263, 126.313660
33.433905, 126.313951
33.434144, 126.314341
33.434228, 126.314434
33.434415, 126.314446
33.434500, 126.314446
33.434545, 126.314480
33.434742, 126.314600
33.435154, 126.315079
33.435272, 126.315450
33.435337, 126.315568
33.435566, 126.315676
33.435809, 126.316015
33.436238, 126.316296
33.436624, 126.316333
33.436941, 126.316522
33.437008, 126.316628
33.436993, 126.316892
33.437049, 126.317252
33.437121, 126.317437
33.437079, 126.317546
33.436691, 126.317733
33.435644, 126.318184
33.434807, 126.318129
33.434598, 126.318174
33.434239, 126.318517
33.433969, 126.318635
33.433292, 126.318480
33.432752, 126.318678
33.431690, 126.319228
33.431365, 126.319326
33.431270, 126.319401
33.431173, 126.319813
33.431100, 126.319964
33.431120, 126.320053
33.432036, 126.321075
33.432994, 126.322670
33.432995, 126.323029
33.432868, 126.323136
33.432464, 126.323342
33.432093, 126.324373
33.431964, 126.324614
33.431574, 126.324712
33.431459, 126.324769
33.431369, 126.324931
33.431375, 126.325158
33.431318, 126.325278
33.430917, 126.325757
33.430955, 126.325876
33.431412, 126.326593
33.431452, 126.326871
33.431681, 126.327399
33.432291, 126.327529
33.432777, 126.327665
33.432956, 126.327642
33.433031, 126.327707
33.433113, 126.327965
33.433231, 126.328410
33.433309, 126.328527
33.433449, 126.328695
33.433811, 126.329249
33.434329, 126.329464
33.434704, 126.329796
33.434796, 126.329969
33.434795, 126.330044
33.434757, 126.330082
33.434571, 126.330070
33.434140, 126.330040
33.434050, 126.330027
33.433875, 126.330576
33.433733, 126.330842
33.433671, 126.331070
33.433697, 126.331082
33.433782, 126.330995
33.434173, 126.330865
33.434448, 126.330674
33.434550, 126.330484
33.434547, 126.330311
33.434576, 126.330257
33.434674, 126.330227
33.434896, 126.330237
33.435192, 126.330047
33.435331, 126.329935
33.435399, 126.329913
33.435892, 126.329920
33.436046, 126.329980
33.436789, 126.329903
33.437100, 126.330000
33.438563, 126.330637
33.438770, 126.330581
33.438941, 126.330275
33.439087, 126.329739
33.439097, 126.329690
33.439105, 126.329647
33.439168, 126.329505
33.439356, 126.329037
33.439585, 126.328841
33.439826, 126.328350
33.440299, 126.327985
33.440812, 126.327865
33.441723, 126.327436
33.442180, 126.327170
33.442899, 126.327221
33.443590, 126.326855
33.445082, 126.326131
33.445640, 126.326057
33.446243, 126.325721
33.446424, 126.325774
33.446766, 126.325904
33.447850, 126.326037
33.448441, 126.325868
33.449155, 126.325318
33.449270, 126.325313
33.454165, 126.327688
33.456464, 126.330470
33.456474, 126.330646
33.456249, 126.331138
33.456243, 126.331505
33.456339, 126.331771
33.456504, 126.331896
33.456554, 126.331975
33.456582, 126.332268
33.456540, 126.332508
33.456579, 126.332697
33.456665, 126.332771
33.456926, 126.332829
33.457218, 126.332799
33.457366, 126.332831
33.457356, 126.332924
33.456931, 126.334091
33.456850, 126.334658
33.456861, 126.334887
33.456927, 126.335010
33.457336, 126.335127
33.457518, 126.335242
33.457556, 126.335338
33.457690, 126.336225
33.457556, 126.337024
33.457455, 126.337265
33.457222, 126.337408
33.456926, 126.337659
33.456580, 126.337791
33.456355, 126.337923
33.456242, 126.338173
33.456249, 126.338581
33.456522, 126.339107
33.456635, 126.339272
33.456643, 126.339374
33.457094, 126.340161
33.457562, 126.340372
33.457987, 126.340478
33.458132, 126.340656
33.458267, 126.340930
33.458672, 126.341322
33.459225, 126.341463
33.459263, 126.341428
33.459143, 126.341417
33.458483, 126.341305
33.458394, 126.341394
33.458209, 126.341654
33.457873, 126.341829
33.457754, 126.342055
33.457673, 126.342122
33.457437, 126.342181
33.457164, 126.342489
33.456474, 126.342656
33.455371, 126.342543
33.455071, 126.342584
33.454849, 126.342520
33.454773, 126.342408
33.454623, 126.342009
33.454433, 126.341848
33.454092, 126.341793
33.452988, 126.342187
33.452952, 126.342313
33.453022, 126.342537
33.453353, 126.342984
33.454911, 126.343773
33.457336, 126.344408
33.458016, 126.344508
33.458207, 126.344820
33.458299, 126.345243
33.458364, 126.345297
33.458690, 126.345153
33.459985, 126.344702
33.462629, 126.342717
33.463165, 126.341980
33.463036, 126.341119
33.463131, 126.340583
33.463103, 126.340121
33.463170, 126.340034
33.463335, 126.340008
33.463528, 126.339959
33.464057, 126.339661
33.464183, 126.339550
33.464269, 126.339591
33.464615, 126.339886
33.465049, 126.339774
33.465492, 126.339224
33.466211, 126.338747
33.466449, 126.338484
33.466648, 126.338423
33.466717, 126.338317