33.466922, 126.337767
33.466834, 126.338044
33.466824, 126.338093
33.466825, 126.338139
33.466838, 126.338184
33.466862, 126.338225
33.467011, 126.338425
33.467213, 126.338931
33.467293, 126.339136
33.467338, 126.339227
33.467398, 126.339305
33.467567, 126.339481
33.467778, 126.339614
33.468277, 126.339778
33.468344, 126.339799
33.468372, 126.339802
33.468377, 126.339800
33.468382, 126.339803
33.468393, 126.339815
33.468411, 126.339836
33.468434, 126.339866
33.468461, 126.339901
33.468502, 126.339932
33.468575, 126.339958
33.469515, 126.340198
33.469913, 126.340409
33.469982, 126.340461
33.470026, 126.340528
33.470042, 126.340566
33.470048, 126.340584
33.470051, 126.340601
33.470052, 126.340618
33.470049, 126.340633
33.470044, 126.340648
33.470046, 126.340656
33.470056, 126.340666
33.470074, 126.340679
33.470100, 126.340693
33.470130, 126.340708
33.470167, 126.340740
33.470217, 126.340807
33.470294, 126.340922
33.470587, 126.341228
33.470846, 126.341689
33.470996, 126.342060
33.471042, 126.342151
33.471101, 126.342232
33.471312, 126.342477
33.471338, 126.342512
33.471352, 126.342541
33.471354, 126.342564
33.471344, 126.342581
33.471327, 126.342596
33.471320, 126.342606
33.471315, 126.342621
33.471312, 126.342640
33.471311, 126.342665
33.471312, 126.342692
33.471325, 126.342731
33.471364, 126.342795
33.471390, 126.342834
33.471400, 126.342857
33.471405, 126.342889
33.471404, 126.342929
33.471398, 126.342977
33.471382, 126.343071
33.471372, 126.343152
33.471374, 126.343208
33.471378, 126.343230
33.471378, 126.343238
33.471373, 126.343238
33.471363, 126.343232
33.471349, 126.343219
33.471332, 126.343202
33.471327, 126.343201
33.471329, 126.343214
33.471338, 126.343241
33.471353, 126.343283
33.471405, 126.343413
33.471611, 126.343848
33.471797, 126.344786
33.472003, 126.345277
33.472036, 126.345376
33.472054, 126.345480
33.472111, 126.346026
33.472134, 126.346127
33.472179, 126.346216
33.472248, 126.346315
33.472736, 126.346698
33.472805, 126.346765
33.472862, 126.346846
33.473047, 126.347166
33.473085, 126.347260
33.473098, 126.347363
33.473096, 126.347708
33.472975, 126.348654
33.472990, 126.349554
33.472944, 126.349758
33.472947, 126.350187
33.472834, 126.350652
33.472686, 126.351035
33.472672, 126.351084
33.472668, 126.351131
33.472674, 126.351176
33.472689, 126.351221
33.472729, 126.351309
33.473251, 126.351947
33.473320, 126.352012
33.473401, 126.352052
33.473993, 126.352241
33.474247, 126.352391
33.474330, 126.352426
33.474418, 126.352438
33.474841, 126.352439
33.474898, 126.352419
33.474927, 126.352415
33.474958, 126.352421
33.474991, 126.352438
33.475025, 126.352466
33.475188, 126.352620
33.475218, 126.352653
33.475236, 126.352683
33.475243, 126.352711
33.475239, 126.352737
33.475229, 126.352762
33.475212, 126.352792
33.475181, 126.352833
33.475163, 126.352856
33.475160, 126.352868
33.475171, 126.352880
33.475194, 126.352892
33.475232, 126.352904
33.475370, 126.352943
33.475708, 126.352971
33.476160, 126.353060
33.476752, 126.353306
33.477048, 126.353555
33.477240, 126.353758
33.477295, 126.353832
33.477328, 126.353911
33.477339, 126.353952
33.477349, 126.353971
33.477366, 126.353988
33.477391, 126.354003
33.477425, 126.354016
33.477499, 126.354041
33.477547, 126.354038
33.477571, 126.354043
33.477594, 126.354059
33.477618, 126.354087
33.477642, 126.354127
33.477788, 126.354410
33.477827, 126.354497
33.477847, 126.354575
33.477853, 126.354612
33.477852, 126.354627
33.477844, 126.354635
33.477828, 126.354636
33.477805, 126.354630
33.477778, 126.354621
33.477743, 126.354593
33.477691, 126.354531
33.477539, 126.354330
33.477516, 126.354300
33.477508, 126.354290
33.477514, 126.354300
33.477535, 126.354330
33.477592, 126.354410
33.477746, 126.354609
33.477944, 126.355036
33.477995, 126.355123
33.478059, 126.355197
33.478095, 126.355231
33.478132, 126.355281
33.478171, 126.355361
33.478329, 126.355735
33.478538, 126.356468
33.478575, 126.356564
33.478628, 126.356649
33.478809, 126.356885
33.478860, 126.356971
33.478889, 126.357070
33.478951, 126.357426
33.479143, 126.357938
33.479291, 126.358517
33.479309, 126.358621
33.479309, 126.358727
33.479289, 126.358988
33.479282, 126.359159
33.479259, 126.359246
33.479245, 126.359338
33.479248, 126.359440
33.479295, 126.359920
33.479298, 126.360019
33.479287, 126.360101
33.479269, 126.360175
33.479206, 126.360325
33.479175, 126.360413
33.479163, 126.360485
33.479162, 126.360516
33.479165, 126.360533
33.479178, 126.360551
33.479201, 126.360572
33.479232, 126.360595
33.479268, 126.360618
33.479281, 126.360635
33.479285, 126.360660
33.479279, 126.360694
33.479263, 126.360737
33.479138, 126.361024
33.478873, 126.361532
33.478545, 126.362695
33.478438, 126.363168
33.478179, 126.363986
33.478099, 126.364586
33.478145, 126.364957
33.478321, 126.365750
33.478326, 126.366522
33.478243, 126.366988
33.478081, 126.367381
33.478053, 126.367480
33.478047, 126.367585
33.478074, 126.368076
33.478073, 126.368181
33.478058, 126.368280
33.478047, 126.368328
33.478047, 126.368389
33.478070, 126.368476
33.478148, 126.368709
33.478208, 126.369109
33.478232, 126.369211
33.478273, 126.369305
33.478310, 126.369374
33.478358, 126.369436
33.478429, 126.369487
33.478553, 126.369557
33.478626, 126.369613
33.478684, 126.369692
33.478845, 126.369985
33.479096, 126.370538
33.479145, 126.370625
33.479208, 126.370697
33.479242, 126.370729
33.479279, 126.370777
33.479321, 126.370855
33.479658, 126.371566
33.479711, 126.371651
33.479779, 126.371717
33.480059, 126.371923
33.480130, 126.371986
33.480191, 126.372064
33.480264, 126.372174
33.480348, 126.372243
33.480411, 126.372314
33.480452, 126.372406
33.480553, 126.372755
33.480611, 126.373026
33.480685, 126.373270
33.480689, 126.373333
33.480695, 126.373364
33.480711, 126.373395
33.480735, 126.373424
33.480769, 126.373452
33.480927, 126.373565
33.481165, 126.373758
33.481243, 126.373809
33.481328, 126.373841
33.481411, 126.373862
33.481491, 126.373895
33.481563, 126.373952
33.481627, 126.374015
33.481653, 126.374047
33.481669, 126.374081
33.481675, 126.374116
33.481671, 126.374152
33.481661, 126.374189
33.481660, 126.374211
33.481665, 126.374240
33.481677, 126.374277
33.481696, 126.374320
33.481855, 126.374662
33.482356, 126.375561
33.482412, 126.375644
33.482477, 126.375716
33.483149, 126.376337
33.483359, 126.376444
33.483502, 126.376549
33.483570, 126.376615
33.483622, 126.376700
33.483652, 126.376766
33.483677, 126.376834
33.483691, 126.376908
33.483696, 126.376946
33.483701, 126.376965
33.483710, 126.376984
33.483724, 126.377002
33.483743, 126.377019
33.483764, 126.377037
33.483793, 126.377053
33.483836, 126.377065
33.483861, 126.377070
33.483872, 126.377076
33.483878, 126.377089
33.483879, 126.377108
33.483876, 126.377135
33.483870, 126.377164
33.483852, 126.377207
33.483807, 126.377276
33.483563, 126.377621
33.483499, 126.377694
33.483422, 126.377747
33.483223, 126.377854
33.483138, 126.377887
33.483050, 126.377899
33.482699, 126.377905
33.482612, 126.377894
33.482530, 126.377857
33.482402, 126.377779
33.482362, 126.377759
33.482321, 126.377750
33.482280, 126.377752
33.482237, 126.377764
33.481808, 126.377942
33.481673, 126.378038
33.481640, 126.378069
33.481616, 126.378106
33.481603, 126.378150
33.481599, 126.378201
33.481615, 126.378706
33.481608, 126.378808
33.481581, 126.378898
33.481545, 126.378982
33.481471, 126.379085
33.481426, 126.379173
33.481408, 126.379274
33.481403, 126.379426
33.481501, 126.380048
33.481599, 126.380354
33.481620, 126.380445
33.481620, 126.380517
33.481614, 126.380548
33.481606, 126.380564
33.481588, 126.380580
33.481560, 126.380596
33.481522, 126.380613
33.481131, 126.380767
33.479705, 126.381150
33.477948, 126.381454
33.477415, 126.381354
33.476854, 126.381407
33.476626, 126.381385
33.476185, 126.381405
33.476142, 126.381401
33.476103, 126.381387
33.476068, 126.381362
33.476037, 126.381326
33.475995, 126.381266
33.475977, 126.381238
33.475966, 126.381217
33.475961, 126.381203
33.475963, 126.381194
33.475968, 126.381188
33.475971, 126.381186
33.475974, 126.381185
33.475978, 126.381184
33.475982, 126.381184
33.475987, 126.381185
33.475988, 126.381185
33.475985, 126.381185
33.475980, 126.381184
33.475970, 126.381183
33.475960, 126.381182
33.475930, 126.381191
33.475864, 126.381218
33.475729, 126.381278
33.475329, 126.381344
33.474813, 126.381469
33.474773, 126.381482
33.474742, 126.381499
33.474719, 126.381520
33.474705, 126.381546
33.474686, 126.381602
33.474667, 126.381771
33.474650, 126.381843
33.474646, 126.381881
33.474649, 126.381920
33.474660, 126.381963
33.474679, 126.382008
33.474749, 126.382154
33.474768, 126.382195
33.474779, 126.382228
33.474783, 126.382250
33.474778, 126.382263
33.474770, 126.382271
33.474762, 126.382272
33.474743, 126.382267
33.474716, 126.382257
33.474678, 126.382240
33.474399, 126.382108
33.474015, 126.382072
33.473197, 126.382027
33.472768, 126.382152
33.472677, 126.382160
33.472593, 126.382184
33.472519, 126.382238
33.472400, 126.382362
33.472337, 126.382438
33.472286, 126.382525
33.472033, 126.383044
33.471737, 126.383834
33.471619, 126.384091
33.471469, 126.384894
33.471373, 126.385242
33.471354, 126.385345
33.471353, 126.385452
33.471394, 126.386007
33.471414, 126.386109
33.471456, 126.386201
33.471528, 126.386315
33.471588, 126.386390
33.471659, 126.386443
33.471697, 126.386463
33.471748, 126.386474
33.471824, 126.386467
33.472272, 126.386385
33.472680, 126.386441
33.473073, 126.386651
33.473147, 126.386707
33.473203, 126.386786
33.473243, 126.386862
33.473278, 126.386945
33.473302, 126.387043
33.473319, 126.387139
33.473327, 126.387237
33.473316, 126.387340
33.473283, 126.387505
33.473166, 126.387760
33.472974, 126.388508
33.472244, 126.390869
33.472209, 126.390958
33.472169, 126.391022
33.472147, 126.391048
33.472132, 126.391059
33.472109, 126.391066
33.472077, 126.391068
33.472036, 126.391067
33.471965, 126.391061
33.471892, 126.391043
33.471816, 126.391002
33.471722, 126.390938
33.471648, 126.390878
33.471584, 126.390805
33.471419, 126.390584
33.471008, 126.389920
33.470819, 126.389417
33.470734, 126.389263
33.470674, 126.389189
33.470597, 126.389146
33.470126, 126.388997
33.469720, 126.388983
33.469643, 126.388972
33.469591, 126.388943
33.469572, 126.388925
33.469547, 126.388886
33.469514, 126.388809
33.469257, 126.388157
33.469115, 126.387757
33.469070, 126.387667
33.469006, 126.387595
33.468920, 126.387520
33.468843, 126.387466
33.468760, 126.387430
33.468350, 126.387302
33.468263, 126.387289
33.468176, 126.387302
33.468049, 126.387342
33.467967, 126.387380
33.467894, 126.387440
33.467680, 126.387658
33.467628, 126.387747
33.467590, 126.387840
33.467582, 126.387942
33.467609, 126.388462
33.467686, 126.388754
33.467705, 126.388858
33.467707, 126.388965
33.467693, 126.389188
33.467686, 126.389239
33.467671, 126.389285
33.467649, 126.389326
33.467619, 126.389361
33.467586, 126.389394
33.467539, 126.389425
33.467465, 126.389455
33.467323, 126.389502
33.467283, 126.389520
33.467249, 126.389548
33.467222, 126.389584
33.467201, 126.389629
33.467154, 126.389759
33.467109, 126.389848
33.467044, 126.389917
33.467003, 126.389950
33.466951, 126.389978
33.466876, 126.389999
33.466833, 126.390007
33.466781, 126.390001
33.466710, 126.389965
33.466263, 126.389682
33.465574, 126.389395
33.465489, 126.389376
33.465403, 126.389391
33.465352, 126.389409
33.465297, 126.389441
33.465235, 126.389500
33.464978, 126.389784
33.464626, 126.390272
33.464543, 126.390369
33.464494, 126.390448
33.464476, 126.390535
33.464475, 126.390581
33.464487, 126.390638
33.464525, 126.390716
33.464615, 126.390872
33.464739, 126.391322
33.464840, 126.391593
33.464910, 126.392328
33.464904, 126.392430
33.464865, 126.392521
33.464774, 126.392662
33.464487, 126.392900
33.464325, 126.392959
33.464287, 126.392979
33.464260, 126.393007
33.464243, 126.393043
33.464237, 126.393087
33.464235, 126.393136
33.464242, 126.393193
33.464264, 126.393269
33.464279, 126.393311
33.464282, 126.393334
33.464276, 126.393362
33.464260, 126.393396
33.464235, 126.393434
33.464110, 126.393604
33.463785, 126.393918
33.463517, 126.394041
33.463443, 126.394093
33.463390, 126.394174
33.463317, 126.394332
33.463293, 126.394374
33.463263, 126.394408
33.463227, 126.394434
33.463186, 126.394450
33.463127, 126.394467
33.463060, 126.394473
33.462979, 126.394460
33.462288, 126.394275
33.462100, 126.394277
33.462013, 126.394291
33.461932, 126.394331
33.461716, 126.394474
33.461635, 126.394518
33.461549, 126.394546
33.461416, 126.394577
33.461328, 126.394588
33.461239, 126.394581
33.460598, 126.394462
33.460510, 126.394456
33.460423, 126.394473
33.459902, 126.394643
33.459819, 126.394681
33.459745, 126.394739
33.459298, 126.395170
33.458976, 126.395384
33.458862, 126.395527
33.458836, 126.395566
33.458822, 126.395605
33.458820, 126.395645
33.458829, 126.395685
33.458843, 126.395725
33.458875, 126.395766
33.458939, 126.395810
33.459464, 126.396104
33.459500, 126.396130
33.459525, 126.396165
33.459541, 126.396207
33.459546, 126.396257
33.459548, 126.396594
33.459502, 126.396930
33.459476, 126.397031
33.459428, 126.397118
33.459396, 126.397163
33.459350, 126.397202
33.459276, 126.397232
33.459156, 126.397266
33.458471, 126.397329
33.458027, 126.397207
33.457648, 126.397197
33.457507, 126.397139
33.457426, 126.397095
33.457353, 126.397034
33.456932, 126.396605
33.456898, 126.396576
33.456862, 126.396559
33.456826, 126.396553
33.456790, 126.396559
33.456753, 126.396571
33.456734, 126.396582
33.456715, 126.396604
33.456696, 126.396636
33.456676, 126.396679
33.456422, 126.397304
33.456399, 126.397348
33.456370, 126.397384
33.456336, 126.397410
33.456295, 126.397429
33.455913, 126.397551
33.455829, 126.397587
33.455752, 126.397639
33.455577, 126.397779
33.455515, 126.397839
33.455479, 126.397899
33.455468, 126.397929
33.455465, 126.397944
33.455468, 126.397961
33.455478, 126.397980
33.455493, 126.398000
33.455511, 126.398020
33.455517, 126.398034
33.455518, 126.398054
33.455513, 126.398081
33.455502, 126.398115
33.455488, 126.398152
33.455477, 126.398171
33.455457, 126.398189
33.455428, 126.398207
33.455390, 126.398225
33.455286, 126.398268
33.455249, 126.398291
33.455222, 126.398322
33.455205, 126.398362
33.455199, 126.398411
33.455198, 126.398475
33.455205, 126.398548
33.455229, 126.398639
33.455481, 126.399423
33.455497, 126.399467
33.455512, 126.399501
33.455527, 126.399523
33.455540, 126.399533
33.455553, 126.399538
33.455559, 126.399546
33.455564, 126.399567
33.455567, 126.399600
33.455568, 126.399644
33.455569, 126.399695
33.455579, 126.399758
33.455606, 126.399844
33.455830, 126.400448
33.455856, 126.400549
33.455861, 126.400654
33.455845, 126.400969
33.455828, 126.401072
33.455789, 126.401166
33.455761, 126.401216
33.455719, 126.401260
33.455647, 126.401293
33.455545, 126.401325
33.455236, 126.401351
33.455162, 126.401354
33.455117, 126.401347
33.455102, 126.401342
33.455091, 126.401343
33.455071, 126.401351
33.455044, 126.401367
33.455009, 126.401390
33.454909, 126.401459
33.454836, 126.401501
33.454774, 126.401519
33.454745, 126.401522
33.454734, 126.401522
33.454728, 126.401519
33.454729, 126.401513
33.454735, 126.401504
33.454745, 126.401493
33.454753, 126.401493
33.454769, 126.401503
33.454792, 126.401523
33.454822, 126.401553
33.454891, 126.401625
33.454919, 126.401659
33.454937, 126.401689
33.454944, 126.401714
33.454940, 126.401736
33.454931, 126.401756
33.454921, 126.401762
33.454903, 126.401759
33.454876, 126.401748
33.454840, 126.401729
33.454785, 126.401697
33.454764, 126.401686
33.454754, 126.401684
33.454755, 126.401692
33.454769, 126.401709
33.454807, 126.401753
33.454903, 126.401813
33.454932, 126.401837
33.454941, 126.401857
33.454928, 126.401873
33.454895, 126.401887
33.454790, 126.401915
33.454708, 126.401925
33.454639, 126.401911
33.454608, 126.401897
33.454569, 126.401866
33.454517, 126.401802
33.454306, 126.401510
33.454270, 126.401465
33.454243, 126.401414
33.454234, 126.401355
33.454235, 126.401323
33.454231, 126.401305
33.454218, 126.401282
33.454197, 126.401254
33.454167, 126.401222
33.454100, 126.401154
33.454065, 126.401127
33.454029, 126.401113
33.453990, 126.401113
33.453949, 126.401125
33.453742, 126.401220
33.453529, 126.401366
33.453463, 126.401426
33.453420, 126.401497
33.453388, 126.401575
33.453308, 126.402015
33.453065, 126.402633
33.452833, 126.402982
33.452522, 126.403255
33.452233, 126.403388
33.451895, 126.403450
33.451459, 126.403660
33.450178, 126.404726
33.450114, 126.404798
33.450070, 126.404888
33.450017, 126.405047
33.449814, 126.406092
33.449814, 126.406409
33.449818, 126.406458
33.449830, 126.406500
33.449851, 126.406533
33.449881, 126.406557
33.449949, 126.406598
33.450174, 126.406644
33.450256, 126.406676
33.450326, 126.406738
33.450483, 126.406925
33.450623, 126.407118
33.450688, 126.407188
33.450767, 126.407233
33.451056, 126.407346
33.451356, 126.407418
33.451633, 126.407606
33.452418, 126.408572
33.452468, 126.408657
33.452495, 126.408756
33.452519, 126.408929
33.452554, 126.409015
33.452634, 126.408991
33.452704, 126.408960
33.452771, 126.408940
33.452831, 126.408942
33.452860, 126.408948
33.452895, 126.408974
33.452943, 126.409040
33.453193, 126.409429
33.453240, 126.409519
33.453270, 126.409619
33.453322, 126.409868
33.453336, 126.410244
33.453337, 126.410329
33.453330, 126.410367
33.453325, 126.410375
33.453327, 126.410384
33.453335, 126.410402
33.453351, 126.410430
33.453375, 126.410469
33.453462, 126.410608
33.453600, 126.410732
33.453659, 126.410806
33.453692, 126.410901
33.453709, 126.410993
33.453714, 126.411038
33.453710, 126.411084
33.453698, 126.411129
33.453677, 126.411174
33.453605, 126.411305
33.453547, 126.411382
33.453471, 126.411432
33.453161, 126.411567
33.453084, 126.411617
33.453025, 126.411692
33.452777, 126.412117
33.452736, 126.412210
33.452715, 126.412312
33.452708, 126.412398
33.452692, 126.412486
33.452660, 126.412580
33.452544, 126.412868
33.452515, 126.412955
33.452507, 126.413023
33.452509, 126.413052
33.452514, 126.413069
33.452528, 126.413090
33.452551, 126.413115
33.452583, 126.413145
33.452820, 126.413355
33.452885, 126.413425
33.452934, 126.413507
33.452956, 126.413551
33.452963, 126.413576
33.452964, 126.413608
33.452958, 126.413646
33.452946, 126.413691
33.452931, 126.413739
33.452900, 126.413790
33.452839, 126.413844
33.452716, 126.413934
33.452646, 126.413982
33.452588, 126.414044
33.452553, 126.414133
33.452542, 126.414184
33.452542, 126.414210
33.452552, 126.414238
33.452573, 126.414266
33.452606, 126.414295
33.452749, 126.414407
33.452981, 126.414510
33.453061, 126.414556
33.453130, 126.414621
33.453163, 126.414658
33.453177, 126.414678
33.453186, 126.414704
33.453192, 126.414734
33.453193, 126.414769
33.453193, 126.414806
33.453182, 126.414858
33.453151, 126.414939
33.452707, 126.415975
33.452657, 126.416061
33.452589, 126.416128
33.452514, 126.416183
33.452436, 126.416230
33.452351, 126.416259
33.452014, 126.416332
33.451933, 126.416367
33.451867, 126.416434
33.451831, 126.416486
33.451782, 126.416533
33.451708, 126.416571
33.451632, 126.416601
33.451552, 126.416621
33.451465, 126.416621
33.451327, 126.416608
33.450790, 126.416343
33.450529, 126.416290
33.450201, 126.416254
33.449944, 126.416218
33.449497, 126.416295
33.449410, 126.416319
33.449328, 126.416358
33.448819, 126.416658
33.448463, 126.416921
33.448401, 126.416965
33.448369, 126.416982
33.448360, 126.416985
33.448360, 126.416982
33.448371, 126.416971
33.448393, 126.416952
33.448424, 126.416925
33.448965, 126.416469
33.449414, 126.416217
33.449795, 126.416141
33.450667, 126.416261
33.451156, 126.416359
33.451882, 126.416718
33.451967, 126.416749
33.452055, 126.416762
33.452293, 126.416771
33.452691, 126.416767
33.452890, 126.416837
33.452928, 126.416856
33.452956, 126.416884
33.452974, 126.416919
33.452982, 126.416963
33.452985, 126.417011
33.452990, 126.417032
33.453001, 126.417049
33.453018, 126.417062
33.453041, 126.417071
33.453094, 126.417083
33.453255, 126.417083
33.453342, 126.417095
33.453424, 126.417134
33.453824, 126.417394
33.453896, 126.417455
33.453954, 126.417535
33.453990, 126.417598
33.454006, 126.417630
33.454015, 126.417659
33.454018, 126.417688
33.454016, 126.417714
33.454010, 126.417740
33.453989, 126.417778
33.453938, 126.417838
33.453775, 126.418013
33.453625, 126.418288
33.453592, 126.418382
33.453590, 126.418485
33.453609, 126.418636
33.453634, 126.418736
33.453682, 126.418823
33.453779, 126.418954
33.453811, 126.418988
33.453846, 126.419010
33.453885, 126.419020
33.453927, 126.419017
33.453984, 126.419006
33.454012, 126.419007
33.454040, 126.419019
33.454069, 126.419043
33.454097, 126.419079
33.454226, 126.419269
33.454256, 126.419306
33.454291, 126.419333
33.454329, 126.419351
33.454372, 126.419358
33.454488, 126.419366
33.454723, 126.419316
33.454763, 126.419311
33.454795, 126.419316
33.454819, 126.419330
33.454834, 126.419353
33.454846, 126.419380
33.454851, 126.419428
33.454843, 126.419514
33.454787, 126.419932
33.454765, 126.420035
33.454728, 126.420132
33.454412, 126.420801
33.454361, 126.420889
33.454299, 126.420964
33.454117, 126.421147
33.453524, 126.421844
33.453394, 126.422140
33.453344, 126.422227
33.453278, 126.422296
33.452558, 126.422884
33.452356, 126.423165
33.452309, 126.423253
33.452283, 126.423353
33.452267, 126.423473
33.452225, 126.423924
33.452103, 126.424645
33.452092, 126.424751
33.452096, 126.424857
33.452137, 126.425230
33.452126, 126.425348
33.452125, 126.425400
33.452133, 126.425449
33.452148, 126.425496
33.452173, 126.425539
33.452321, 126.425758
33.452617, 126.426028
33.452679, 126.426102
33.452720, 126.426194
33.452850, 126.426621
33.452869, 126.426769
33.452894, 126.426869
33.452942, 126.426956
33.453081, 126.427140
33.453146, 126.427212
33.453222, 126.427266
33.453360, 126.427344
33.453610, 126.427540
33.453689, 126.427590
33.453773, 126.427626
33.454049, 126.427711
33.454196, 126.427714
33.454284, 126.427726
33.454368, 126.427760
33.454526, 126.427845
33.454602, 126.427899
33.454666, 126.427972
33.454829, 126.428200
33.454937, 126.428439
33.454961, 126.428482
33.454989, 126.428516
33.455022, 126.428541
33.455059, 126.428558
33.455138, 126.428581
33.455206, 126.428591
33.455238, 126.428602
33.455267, 126.428623
33.455293, 126.428655
33.455316, 126.428697
33.455408, 126.428908
33.455446, 126.429050
33.455463, 126.429097
33.455488, 126.429135
33.455520, 126.429165
33.455559, 126.429186
33.455664, 126.429226
33.455703, 126.429247
33.455734, 126.429277
33.455758, 126.429315
33.455774, 126.429363
33.455871, 126.429768
33.456019, 126.430083
33.456034, 126.430128
33.456035, 126.430171
33.456023, 126.430211
33.455997, 126.430249
33.455939, 126.430312
33.455894, 126.430386
33.455874, 126.430482
33.455865, 126.430612
33.455865, 126.430663
33.455872, 126.430709
33.455886, 126.430749
33.455908, 126.430784
33.455933, 126.430817
33.455949, 126.430830
33.455974, 126.430836
33.456006, 126.430836
33.456046, 126.430829
33.456162, 126.430803
33.456205, 126.430799
33.456246, 126.430806
33.456284, 126.430824
33.456319, 126.430853
33.456414, 126.430951
33.456667, 126.431269
33.456699, 126.431303
33.456736, 126.431327
33.456775, 126.431342
33.456819, 126.431347
33.457041, 126.431348
33.457124, 126.431354
33.457195, 126.431374
33.457226, 126.431386
33.457242, 126.431398
33.457256, 126.431421
33.457270, 126.431456
33.457282, 126.431501
33.457294, 126.431552
33.457300, 126.431616
33.457293, 126.431709
33.457271, 126.431886
33.457269, 126.431938
33.457276, 126.431987
33.457292, 126.432032
33.457318, 126.432074
33.457390, 126.432173
33.457457, 126.432240
33.457537, 126.432279
33.457768, 126.432346
33.457808, 126.432364
33.457840, 126.432391
33.457863, 126.432428
33.457879, 126.432475
33.457969, 126.432875
33.458093, 126.433200
33.458123, 126.433301
33.458136, 126.433406
33.458147, 126.433601
33.458155, 126.433652
33.458170, 126.433697
33.458195, 126.433737
33.458227, 126.433770
33.458557, 126.434044
33.458625, 126.434087
33.458682, 126.434095
33.458735, 126.434086
33.458855, 126.434012
33.458929, 126.433976
33.458989, 126.433964
33.459016, 126.433964
33.459031, 126.433969
33.459048, 126.433986
33.459068, 126.434015
33.459090, 126.434055
33.459214, 126.434295
33.459251, 126.434391
33.459267, 126.434494
33.459312, 126.435370
33.459268, 126.435744
33.459265, 126.435794
33.459269, 126.435840
33.459280, 126.435880
33.459298, 126.435916
33.459320, 126.435948
33.459355, 126.435986
33.459419, 126.436034
33.459692, 126.436217
33.459773, 126.436254
33.459860, 126.436258
33.460092, 126.436228
33.460313, 126.436154
33.460399, 126.436140
33.460485, 126.436156
33.460543, 126.436176
33.460569, 126.436192
33.460590, 126.436218
33.460606, 126.436255
33.460617, 126.436303
33.460643, 126.436477
33.460858, 126.438158
33.460918, 126.438465
33.460962, 126.439024
33.460961, 126.439117
33.460941, 126.439182
33.460913, 126.439233
33.466922, 126.337767
33.466922, 126.337767
33.460913, 126.439233
33.460913, 126.439233
33.466922, 126.337767
33.460913, 126.439233
33.466851, 126.337990
33.468346, 126.339799
33.469982, 126.340461
33.470100, 126.340693
33.471338, 126.342512
33.471378, 126.343230