33.461027, 126.439270
33.460990, 126.439252
33.460974, 126.439250
33.460960, 126.439265
33.460950, 126.439295
33.460943, 126.439340
33.460909, 126.439691
33.460913, 126.439792
33.460948, 126.439881
33.460972, 126.439923
33.460990, 126.439981
33.460995, 126.440072
33.460957, 126.441888
33.460975, 126.443207
33.460900, 126.444095
33.460795, 126.444600
33.460488, 126.445497
33.460266, 126.446271
33.460245, 126.446374
33.460242, 126.446480
33.460253, 126.446712
33.460267, 126.446817
33.460298, 126.446916
33.460518, 126.447454
33.460850, 126.447898
33.460962, 126.448073
33.461023, 126.448148
33.461098, 126.448203
33.461153, 126.448232
33.461216, 126.448256
33.461297, 126.448270
33.461679, 126.448310
33.461766, 126.448304
33.461847, 126.448266
33.462069, 126.448117
33.462318, 126.448034
33.462400, 126.447994
33.462472, 126.447932
33.462813, 126.447560
33.463112, 126.447191
33.463180, 126.447123
33.463259, 126.447074
33.463925, 126.446764
33.464351, 126.446685
33.464437, 126.446658
33.464516, 126.446611
33.464625, 126.446527
33.464696, 126.446462
33.464757, 126.446385
33.464972, 126.446066
33.465036, 126.445996
33.465116, 126.445954
33.465850, 126.445713
33.466931, 126.445455
33.467018, 126.445446
33.467105, 126.445463
33.467888, 126.445726
33.467975, 126.445745
33.468064, 126.445746
33.468704, 126.445683
33.469062, 126.445553
33.469149, 126.445535
33.469237, 126.445541
33.469965, 126.445691
33.470640, 126.445700
33.470728, 126.445690
33.470812, 126.445658
33.471706, 126.445177
33.472161, 126.445077
33.472452, 126.444890
33.472785, 126.444626
33.473380, 126.444374
33.473461, 126.444330
33.473534, 126.444269
33.473662, 126.444141
33.473735, 126.444082
33.473817, 126.444041
33.473931, 126.444000
33.474018, 126.443979
33.474106, 126.443977
33.474758, 126.444032
33.475640, 126.443902
33.475724, 126.443874
33.475797, 126.443819
33.476020, 126.443591
33.476093, 126.443539
33.476178, 126.443525
33.476433, 126.443536
33.476719, 126.443475
33.477607, 126.443434
33.477650, 126.443428
33.477688, 126.443413
33.477722, 126.443391
33.477751, 126.443360
33.477777, 126.443326
33.477798, 126.443273
33.477808, 126.443183
33.477813, 126.443055
33.477666, 126.442222
33.477666, 126.442142
33.477678, 126.442060
33.477715, 126.441972
33.477742, 126.441923
33.477780, 126.441870
33.477839, 126.441807
33.478004, 126.441651
33.478203, 126.441529
33.478270, 126.441470
33.478308, 126.441392
33.478320, 126.441348
33.478329, 126.441288
33.478330, 126.441196
33.478328, 126.441072
33.478331, 126.441022
33.478341, 126.440982
33.478358, 126.440951
33.478382, 126.440928
33.478409, 126.440911
33.478452, 126.440899
33.478527, 126.440899
33.478615, 126.440906
33.478657, 126.440903
33.478696, 126.440890
33.478731, 126.440866
33.478762, 126.440831
33.478839, 126.440725
33.478899, 126.440603
33.478925, 126.440562
33.478955, 126.440532
33.478991, 126.440512
33.479031, 126.440502
33.479074, 126.440497
33.479125, 126.440508
33.479192, 126.440550
33.479830, 126.441029
33.480346, 126.441195
33.480660, 126.441268
33.480744, 126.441299
33.480820, 126.441354
33.481101, 126.441615
33.481723, 126.441975
33.481908, 126.442017
33.481992, 126.442048
33.482067, 126.442102
33.482104, 126.442136
33.482154, 126.442166
33.482230, 126.442187
33.482387, 126.442218
33.482427, 126.442232
33.482456, 126.442258
33.482474, 126.442295
33.482483, 126.442343
33.482489, 126.442438
33.482487, 126.442480
33.482473, 126.442514
33.482449, 126.442539
33.482414, 126.442554
33.482373, 126.442565
33.482353, 126.442568
33.482335, 126.442565
33.482318, 126.442556
33.482304, 126.442541
33.482289, 126.442524
33.482279, 126.442503
33.482275, 126.442477
33.482275, 126.442447
33.482372, 126.441691
33.482544, 126.440266
33.482555, 126.440218
33.482576, 126.440180
33.482606, 126.440153
33.482645, 126.440136
33.483016, 126.440036
33.483104, 126.440022
33.483192, 126.440028
33.483560, 126.440088
33.483647, 126.440089
33.483732, 126.440061
33.484298, 126.439772
33.484646, 126.439533
33.484726, 126.439489
33.484813, 126.439465
33.485775, 126.439299
33.485984, 126.439317
33.486026, 126.439316
33.486066, 126.439303
33.486101, 126.439279
33.486132, 126.439244
33.486210, 126.439135
33.486289, 126.438951
33.486319, 126.438873
33.486329, 126.438832
33.486329, 126.438809
33.486434, 126.438264
33.486715, 126.437613
33.486855, 126.437159
33.486897, 126.437068
33.486960, 126.436997
33.487031, 126.436939
33.487107, 126.436893
33.487192, 126.436870
33.487666, 126.436811
33.488037, 126.436711
33.488447, 126.436727
33.488534, 126.436717
33.488615, 126.436678
33.488929, 126.436465
33.489694, 126.435583
33.489991, 126.435361
33.490349, 126.435169
33.491390, 126.434908
33.491942, 126.434878
33.492027, 126.434890
33.492104, 126.434937
33.492225, 126.435046
33.492285, 126.435121
33.492320, 126.435215
33.492442, 126.435768
33.492654, 126.436224
33.492705, 126.436303
33.492769, 126.436351
33.492804, 126.436367
33.492819, 126.436376
33.492827, 126.436385
33.492829, 126.436395
33.492824, 126.436406
33.492817, 126.436417
33.492813, 126.436421
33.492811, 126.436421
33.492809, 126.436417
33.492809, 126.436410
33.492809, 126.436402
33.492811, 126.436399
33.492816, 126.436400
33.492825, 126.436405
33.492838, 126.436414
33.492867, 126.436436
33.492919, 126.436498
33.492947, 126.436524
33.492980, 126.436541
33.493017, 126.436550
33.493060, 126.436550
33.493124, 126.436543
33.493191, 126.436524
33.493265, 126.436481
33.493309, 126.436449
33.493357, 126.436405
33.493412, 126.436336
33.493528, 126.436171
33.493593, 126.436105
33.493675, 126.436071
33.493798, 126.436047
33.493883, 126.436018
33.493960, 126.435967
33.494172, 126.435785
33.494208, 126.435730
33.494221, 126.435705
33.494226, 126.435686
33.494222, 126.435672
33.494209, 126.435665
33.494192, 126.435660
33.494182, 126.435661
33.494170, 126.435668
33.494155, 126.435682
33.494138, 126.435701
33.494119, 126.435724
33.494112, 126.435741
33.494111, 126.435767
33.494114, 126.435804
33.494122, 126.435851
33.494257, 126.436495
33.494266, 126.436592
33.494287, 126.436680
33.494332, 126.436750
33.494361, 126.436780
33.494405, 126.436806
33.494479, 126.436825
33.494847, 126.436887
33.494932, 126.436884
33.495010, 126.436842
33.495277, 126.436625
33.495287, 126.436611
33.495296, 126.436607
33.495312, 126.436610
33.495335, 126.436619
33.495365, 126.436636
33.495399, 126.436655
33.495415, 126.436662
33.495428, 126.436664
33.495439, 126.436661
33.495448, 126.436652
33.495455, 126.436640
33.495458, 126.436636
33.495458, 126.436636
33.495455, 126.436638
33.495450, 126.436645
33.495444, 126.436653
33.495445, 126.436661
33.495456, 126.436677
33.495476, 126.436701
33.495504, 126.436733
33.495619, 126.436858
33.495678, 126.436937
33.495722, 126.437029
33.495780, 126.437186
33.495805, 126.437287
33.495806, 126.437390
33.495800, 126.437443
33.495786, 126.437507
33.495756, 126.437593
33.495733, 126.437651
33.495723, 126.437676
33.495714, 126.437692
33.495707, 126.437700
33.495702, 126.437699
33.495699, 126.437695
33.495698, 126.437693
33.495702, 126.437693
33.495709, 126.437695
33.495719, 126.437698
33.495731, 126.437702
33.495734, 126.437709
33.495728, 126.437727
33.495714, 126.437755
33.495693, 126.437795
33.495650, 126.437870
33.495615, 126.437953
33.495596, 126.438052
33.495560, 126.438375
33.495558, 126.438481
33.495576, 126.438585
33.495668, 126.438927
33.495892, 126.439647
33.496128, 126.440666
33.496160, 126.440766
33.496206, 126.440857
33.496321, 126.441044
33.496551, 126.441279
33.497103, 126.442210
33.497145, 126.442299
33.497167, 126.442392
33.497178, 126.442486
33.497169, 126.442611
33.497172, 126.442715
33.497197, 126.442812
33.497232, 126.442906
33.497394, 126.443163
33.497454, 126.443241
33.497526, 126.443301
33.497748, 126.443449
33.497819, 126.443512
33.497873, 126.443594
33.497937, 126.443718
33.497967, 126.443813
33.497964, 126.443915
33.497943, 126.444018
33.497933, 126.444121
33.497941, 126.444226
33.497958, 126.444331
33.497985, 126.444431
33.498032, 126.444519
33.498081, 126.444589
33.498137, 126.444656
33.498207, 126.444714
33.498279, 126.444766
33.498344, 126.444827
33.498396, 126.444910
33.498424, 126.444967
33.498433, 126.444997
33.498431, 126.445030
33.498417, 126.445066
33.498394, 126.445105
33.498354, 126.445161
33.498322, 126.445229
33.498305, 126.445323
33.498289, 126.445517
33.498285, 126.445564
33.498284, 126.445597
33.498285, 126.445618
33.498289, 126.445624
33.498293, 126.445624
33.498290, 126.445625
33.498274, 126.445627
33.498247, 126.445630
33.498208, 126.445635
33.497895, 126.445673
33.497854, 126.445682
33.497818, 126.445698
33.497789, 126.445721
33.497767, 126.445752
33.497747, 126.445786
33.497733, 126.445838
33.497730, 126.445928
33.497735, 126.446119
33.497794, 126.446690
33.497767, 126.446882
33.497766, 126.446986
33.497790, 126.447087
33.497915, 126.447422
33.498008, 126.447926
33.498009, 126.448122
33.497998, 126.448227
33.497965, 126.448324
33.497775, 126.448728
33.497660, 126.448932
33.497634, 126.449009
33.497596, 126.449082
33.497534, 126.449147
33.497475, 126.449195
33.497446, 126.449215
33.497420, 126.449229
33.497396, 126.449235
33.497374, 126.449233
33.497353, 126.449229
33.497342, 126.449233
33.497331, 126.449251
33.497318, 126.449282
33.497304, 126.449326
33.497288, 126.449385
33.497282, 126.449411
33.497281, 126.449429
33.497283, 126.449440
33.497290, 126.449443
33.497298, 126.449443
33.497299, 126.449448
33.497294, 126.449466
33.497281, 126.449495
33.497262, 126.449535
33.496979, 126.450115
33.496941, 126.450212
33.496918, 126.450314
33.496880, 126.450567
33.496910, 126.450993
33.497008, 126.451452
33.497092, 126.452240
33.497115, 126.452341
33.497158, 126.452432
33.497561, 126.453067
33.497612, 126.453138
33.497654, 126.453181
33.497673, 126.453195
33.497681, 126.453200
33.497687, 126.453201
33.497690, 126.453200
33.497691, 126.453195
33.497691, 126.453188
33.497695, 126.453189
33.497707, 126.453198
33.497727, 126.453217
33.497755, 126.453245
33.497818, 126.453310
33.497853, 126.453371
33.497899, 126.453432
33.497965, 126.453491
33.498174, 126.453650
33.498241, 126.453697
33.498270, 126.453725
33.498287, 126.453759
33.498293, 126.453801
33.498288, 126.453849
33.498276, 126.453912
33.498275, 126.453943
33.498286, 126.453972
33.498309, 126.454000
33.498343, 126.454026
33.498971, 126.454424
33.499132, 126.454479
33.499208, 126.454517
33.499262, 126.454571
33.499285, 126.454602
33.499323, 126.454630
33.499395, 126.454650
33.499813, 126.454727
33.499894, 126.454760
33.499960, 126.454826
33.500117, 126.455051
33.500154, 126.455144
33.500201, 126.455227
33.500269, 126.455290
33.500487, 126.455439
33.500876, 126.455668
33.500951, 126.455724
33.501015, 126.455797
33.501188, 126.456038
33.501322, 126.456376
33.501486, 126.456640
33.501670, 126.457246
33.501711, 126.457354
33.501724, 126.457401
33.501724, 126.457446
33.501711, 126.457488
33.501686, 126.457528
33.501607, 126.457623
33.501579, 126.457663
33.501561, 126.457707
33.501551, 126.457755
33.501550, 126.457807
33.501575, 126.458153
33.501628, 126.458547
33.501656, 126.458645
33.501708, 126.458728
33.501852, 126.458892
33.501960, 126.458995
33.502017, 126.459071
33.502050, 126.459167
33.502067, 126.459260
33.502093, 126.459353
33.502134, 126.459444
33.502235, 126.459631
33.502269, 126.459725
33.502274, 126.459828
33.502227, 126.460324
33.502244, 126.460438
33.502256, 126.460486
33.502277, 126.460524
33.502307, 126.460551
33.502346, 126.460568
33.502516, 126.460614
33.503102, 126.460577
33.503202, 126.460563
33.503244, 126.460563
33.503280, 126.460575
33.503310, 126.460599
33.503335, 126.460635
33.503357, 126.460676
33.503368, 126.460734
33.503360, 126.460824
33.503334, 126.460979
33.502948, 126.462067
33.502881, 126.462456
33.502868, 126.462948
33.502872, 126.462998
33.502886, 126.463041
33.502910, 126.463076
33.502946, 126.463104
33.503075, 126.463181
33.504057, 126.463417
33.505029, 126.463559
33.506053, 126.463755
33.506094, 126.463769
33.506127, 126.463793
33.506153, 126.463828
33.506172, 126.463874
33.506271, 126.464206
33.506323, 126.465616
33.506336, 126.465715
33.506365, 126.465794
33.506384, 126.465830
33.506413, 126.465863
33.506461, 126.465891
33.506490, 126.465904
33.506515, 126.465918
33.506534, 126.465934
33.506541, 126.465942
33.506545, 126.465944
33.506547, 126.465941
33.506549, 126.465932
33.506549, 126.465919
33.506550, 126.465903
33.506548, 126.465887
33.506541, 126.465869
33.506537, 126.465860
33.506536, 126.465858
33.506537, 126.465862
33.506540, 126.465871
33.506546, 126.465886
33.506552, 126.465903
33.506563, 126.465923
33.506582, 126.465950
33.506593, 126.465965
33.506602, 126.466004
33.506605, 126.466088
33.506607, 126.466509
33.506610, 126.466559
33.506618, 126.466602
33.506633, 126.466638
33.506653, 126.466666
33.506675, 126.466690
33.506715, 126.466709
33.506788, 126.466715
33.507068, 126.466716
33.507191, 126.466698
33.507230, 126.466699
33.507256, 126.466715
33.507270, 126.466746
33.507272, 126.466792
33.507262, 126.466908
33.507260, 126.466955
33.507264, 126.466990
33.507274, 126.467013
33.507289, 126.467024
33.507308, 126.467028
33.507342, 126.467021
33.507409, 126.466990
33.507483, 126.466951
33.507562, 126.466926
33.507647, 126.466929
33.507695, 126.466938
33.507752, 126.466939
33.507830, 126.466923
33.508229, 126.466813
33.508304, 126.466800
33.508355, 126.466810
33.508374, 126.466821
33.508382, 126.466829
33.508386, 126.466842
33.508386, 126.466860
33.508382, 126.466882
33.508376, 126.466908
33.508352, 126.466940
33.508293, 126.466988
33.508110, 126.467118
33.508077, 126.467148
33.508058, 126.467185
33.508051, 126.467227
33.508057, 126.467276
33.508080, 126.467372
33.508094, 126.467471
33.508093, 126.467576
33.508052, 126.468048
33.508035, 126.468152
33.508003, 126.468252
33.507964, 126.468348
33.507944, 126.468390
33.507922, 126.468418
33.507899, 126.468434
33.507875, 126.468437
33.507825, 126.468429
33.507703, 126.468436
33.507617, 126.468454
33.507538, 126.468500
33.507475, 126.468551
33.507405, 126.468589
33.507322, 126.468602
33.506884, 126.468600
33.506805, 126.468610
33.506748, 126.468641
33.506725, 126.468661
33.506703, 126.468697
33.506685, 126.468762
33.506677, 126.468802
33.506669, 126.468823
33.506651, 126.468845
33.506625, 126.468869
33.506591, 126.468895
33.506544, 126.468927
33.506487, 126.468953
33.506408, 126.468967
33.506192, 126.468988
33.506111, 126.468991
33.506046, 126.468980
33.506018, 126.468972
33.506002, 126.468973
33.505981, 126.468986
33.505957, 126.469009
33.505929, 126.469043
33.505707, 126.469334
33.505682, 126.469375
33.505665, 126.469420
33.505657, 126.469468
33.505659, 126.469520
33.505682, 126.469715
33.505787, 126.470194
33.505808, 126.470441
33.505855, 126.470576
33.505874, 126.470677
33.505863, 126.470779
33.505796, 126.471036
33.505700, 126.472255
33.505710, 126.472574
33.505721, 126.472680
33.505745, 126.472783
33.505967, 126.473492
33.505986, 126.473538
33.506012, 126.473574
33.506046, 126.473600
33.506086, 126.473616
33.506228, 126.473654
33.506269, 126.473670
33.506303, 126.473696
33.506331, 126.473731
33.506352, 126.473776
33.506396, 126.473897
33.506500, 126.474351
33.507179, 126.475653
33.507218, 126.475748
33.507240, 126.475851
33.507278, 126.476166
33.507297, 126.476344
33.507307, 126.476389
33.507328, 126.476419
33.507357, 126.476434
33.507397, 126.476432
33.507505, 126.476410
33.508235, 126.476139
33.508669, 126.476126
33.508710, 126.476127
33.508742, 126.476133
33.508766, 126.476143
33.508781, 126.476158
33.508792, 126.476176
33.508800, 126.476216
33.508799, 126.476302
33.508772, 126.477027
33.508775, 126.477134
33.508792, 126.477239
33.508893, 126.477666
33.508925, 126.477765
33.508972, 126.477856
33.509040, 126.477965
33.509087, 126.478056
33.509118, 126.478156
33.509303, 126.478952
33.509523, 126.479946
33.509724, 126.480349
33.510175, 126.481135
33.510220, 126.481228
33.510251, 126.481328
33.510665, 126.483058
33.510790, 126.483378
33.510823, 126.483455
33.510847, 126.483491
33.510866, 126.483506
33.513154, 126.484400
33.513582, 126.484427
33.514444, 126.484726
33.515512, 126.485400
33.516223, 126.485677
33.517023, 126.486334
33.517683, 126.487120
33.517712, 126.487152
33.517736, 126.487172
33.517754, 126.487180
33.517766, 126.487176
33.517776, 126.487165
33.517784, 126.487164
33.517799, 126.487171
33.517820, 126.487185
33.517847, 126.487206
33.517877, 126.487232
33.517913, 126.487274
33.517957, 126.487348
33.518301, 126.487975
33.518501, 126.488222
33.518771, 126.488879
33.518851, 126.489331
33.519013, 126.489757
33.519168, 126.490599
33.519238, 126.491257
33.519496, 126.491960
33.519591, 126.492707
33.519844, 126.493529
33.519920, 126.493728
33.520086, 126.494465
33.520281, 126.496166
33.520219, 126.496725
33.520051, 126.497344
33.520015, 126.497831
33.519793, 126.498721
33.519536, 126.499201
33.519479, 126.499279
33.519404, 126.499333
33.518569, 126.499741
33.518082, 126.499862
33.517857, 126.499968
33.517779, 126.500018
33.517713, 126.500089
33.517562, 126.500295
33.517511, 126.500382
33.517478, 126.500480
33.517386, 126.500870
33.517273, 126.501817
33.517261, 126.502614
33.517157, 126.503003
33.517145, 126.503041
33.517135, 126.503054
33.517127, 126.503040
33.517122, 126.503001
33.517118, 126.502948
33.517123, 126.502884
33.517144, 126.502794
33.517210, 126.502559
33.517216, 126.502460
33.517220, 126.502421
33.517226, 126.502405
33.517235, 126.502410
33.517245, 126.502437
33.517257, 126.502475
33.517262, 126.502530
33.517255, 126.502620
33.517226, 126.502845
33.516852, 126.503834
33.516768, 126.504174
33.516751, 126.504278
33.516754, 126.504385
33.516828, 126.505089
33.516793, 126.505395
33.516771, 126.505498
33.516732, 126.505593
33.516451, 126.506132
33.516391, 126.506308
33.516367, 126.506410
33.516364, 126.506515
33.516408, 126.507181
33.516254, 126.508052
33.515974, 126.508756
33.515865, 126.509542
33.515667, 126.510389
33.515657, 126.510485
33.515676, 126.510566
33.515693, 126.510602
33.515704, 126.510616
33.515721, 126.510622
33.515744, 126.510620
33.515773, 126.510609
33.515837, 126.510579
33.515864, 126.510568
33.515876, 126.510567
33.515883, 126.510576
33.515886, 126.510594
33.515886, 126.510622
33.515883, 126.510655
33.515873, 126.510703
33.515846, 126.510782
33.515829, 126.510829
33.515816, 126.510891
33.515813, 126.510984
33.515814, 126.511047
33.515809, 126.511079
33.515796, 126.511110
33.515773, 126.511141
33.515741, 126.511173
33.515695, 126.511212
33.515655, 126.511267
33.515624, 126.511355
33.515611, 126.511407
33.515609, 126.511435
33.515615, 126.511464
33.515629, 126.511495
33.515650, 126.511528
33.515676, 126.511561
33.515687, 126.511583
33.515694, 126.511614
33.515697, 126.511654
33.515695, 126.511703
33.515666, 126.512159
33.515667, 126.512265
33.515682, 126.512371
33.515724, 126.512566
33.515730, 126.512617
33.515726, 126.512665
33.515712, 126.512710
33.515688, 126.512752
33.515634, 126.512829
33.515573, 126.512898
33.515499, 126.512952
33.515290, 126.513075
33.515253, 126.513102
33.515223, 126.513136
33.515200, 126.513178
33.515184, 126.513226
33.515156, 126.513345
33.515141, 126.513448
33.515144, 126.513551
33.515150, 126.513603
33.515143, 126.513665
33.515110, 126.513747
33.514969, 126.514024
33.514915, 126.514091
33.514871, 126.514167
33.514849, 126.514264
33.514835, 126.514406
33.514827, 126.514456
33.514812, 126.514499
33.514792, 126.514535
33.514766, 126.514565
33.514707, 126.514616
33.514600, 126.514704
33.514535, 126.514771
33.514489, 126.514850
33.514471, 126.514893
33.514464, 126.514913
33.514460, 126.514930
33.514460, 126.514944
33.514463, 126.514954
33.514468, 126.514964
33.514468, 126.514969
33.514463, 126.514976
33.514454, 126.514984
33.514440, 126.514993
33.514423, 126.515004
33.514388, 126.515009
33.514317, 126.515006
33.513657, 126.514946
33.513621, 126.514945
33.513602, 126.514951
33.513600, 126.514962
33.513615, 126.514979
33.513638, 126.515000
33.513678, 126.515017
33.513751, 126.515027
33.514254, 126.515062
33.514342, 126.515056
33.514426, 126.515027
33.514703, 126.514886
33.514818, 126.514805
33.514899, 126.514765
33.514986, 126.514753
33.515513, 126.514767
33.515601, 126.514781
33.515683, 126.514818
33.515879, 126.514938
33.515952, 126.514971
33.516014, 126.514971
33.516069, 126.514955
33.516127, 126.514919
33.516193, 126.514898
33.516273, 126.514909
33.516610, 126.515011
33.516693, 126.515047
33.516769, 126.515102
33.516897, 126.515215
33.516964, 126.515286
33.517019, 126.515369
33.517089, 126.515494
33.517125, 126.515584
33.517134, 126.515673
33.517131, 126.515718
33.517126, 126.515740
33.517113, 126.515763
33.517092, 126.515786
33.517063, 126.515809
33.517029, 126.515832
33.516982, 126.515853
33.516907, 126.515870
33.516537, 126.515934
33.516362, 126.515987
33.516326, 126.516004
33.516306, 126.516031
33.516301, 126.516066
33.516313, 126.516111
33.516369, 126.516255
33.516394, 126.516340
33.516409, 126.516379
33.516428, 126.516411
33.516450, 126.516436
33.516476, 126.516453
33.516505, 126.516468
33.516543, 126.516473
33.516602, 126.516460
33.516637, 126.516449
33.516652, 126.516447
33.516663, 126.516452
33.516670, 126.516463
33.516673, 126.516480
33.516674, 126.516522
33.516685, 126.516629
33.516685, 126.516680
33.516676, 126.516726
33.516656, 126.516768
33.516627, 126.516804
33.516557, 126.516873
33.516504, 126.516941
33.516482, 126.517006
33.516479, 126.517037
33.516483, 126.517087
33.516499, 126.517174
33.516552, 126.517427
33.516540, 126.517716
33.516533, 126.517766
33.516517, 126.517809
33.516492, 126.517845
33.516456, 126.517874
33.516369, 126.517929
33.516287, 126.517971
33.516200, 126.517997
33.515585, 126.518118
33.515493, 126.518107
33.515450, 126.518107
33.515411, 126.518115
33.515375, 126.518132
33.515343, 126.518157
33.515283, 126.518218
33.514754, 126.518487
33.514679, 126.518542
33.514619, 126.518598
33.514592, 126.518651
33.514586, 126.518678
33.514587, 126.518695
33.514595, 126.518720
33.514609, 126.518753
33.514631, 126.518794
33.514791, 126.519080
33.514879, 126.519449
33.514886, 126.519500
33.514884, 126.519548
33.514871, 126.519594
33.514848, 126.519637
33.514812, 126.519692
33.514764, 126.519745
33.514693, 126.519792
33.514527, 126.519882
33.514261, 126.520099
33.514199, 126.520171
33.514160, 126.520263
33.514123, 126.520408
33.514081, 126.521116
33.514069, 126.521208
33.514044, 126.521268
33.514029, 126.521289
33.514017, 126.521298
33.513996, 126.521302
33.513965, 126.521302
33.513925, 126.521297
33.513439, 126.521215
33.513357, 126.521217
33.513292, 126.521251
33.513263, 126.521276
33.513231, 126.521319
33.513193, 126.521397
33.513164, 126.521464
33.513144, 126.521523
33.513139, 126.521562
33.513141, 126.521577
33.513140, 126.521581
33.513136, 126.521577
33.513128, 126.521564
33.513118, 126.521544
33.513106, 126.521519
33.513097, 126.521483
33.513094, 126.521421
33.513094, 126.521384
33.513090, 126.521364
33.513077, 126.521341
33.513056, 126.521315
33.513026, 126.521286
33.512992, 126.521255
33.512943, 126.521232
33.512867, 126.521224
33.512379, 126.521222
33.512290, 126.521230
33.512204, 126.521255
33.512103, 126.521296
33.512023, 126.521340
33.511954, 126.521406
33.511804, 126.521586
33.511707, 126.521772
33.511649, 126.521848
33.511573, 126.521895
33.511381, 126.521966
33.511342, 126.521985
33.511313, 126.522007
33.511292, 126.522034
33.511281, 126.522066
33.511273, 126.522100
33.511273, 126.522151
33.511284, 126.522239
33.511313, 126.522415
33.511407, 126.522654
33.511429, 126.522753
33.511420, 126.522855
33.511403, 126.522928
33.511380, 126.523000
33.511345, 126.523069
33.511325, 126.523103
33.511317, 126.523119
33.511313, 126.523134
33.511313, 126.523146
33.511317, 126.523157
33.511323, 126.523166
33.511327, 126.523167
33.511332, 126.523160
33.511340, 126.523144
33.511351, 126.523120
33.511373, 126.523065
33.511404, 126.522799
33.511426, 126.522721
33.511429, 126.522687
33.511419, 126.522665
33.511395, 126.522653
33.511357, 126.522652
33.511066, 126.522681
33.510979, 126.522700
33.510897, 126.522740
33.510835, 126.522779
33.510807, 126.522803
33.510784, 126.522835
33.510765, 126.522875
33.510751, 126.522923
33.510731, 126.523019
33.510699, 126.523108
33.510648, 126.523182
33.510617, 126.523215
33.510572, 126.523247
33.510499, 126.523276
33.509968, 126.523448
33.509782, 126.523445
33.509698, 126.523435
33.509626, 126.523412
33.509592, 126.523396
33.509578, 126.523396
33.509569, 126.523411
33.509566, 126.523442
33.509567, 126.523488
33.509614, 126.524097
33.509704, 126.524369
33.509725, 126.524413
33.509752, 126.524446
33.509786, 126.524467
33.509828, 126.524475
33.509893, 126.524480
33.509925, 126.524487
33.509955, 126.524505
33.509985, 126.524532
33.510012, 126.524570
33.510219, 126.524897
33.510243, 126.524921
33.510267, 126.524956
33.510291, 126.525014
33.510302, 126.525049
33.510305, 126.525066
33.510302, 126.525084
33.510294, 126.525101
33.510280, 126.525119
33.510263, 126.525137
33.510243, 126.525154
33.510214, 126.525170
33.510198, 126.525178
33.510193, 126.525186
33.510193, 126.525201
33.510199, 126.525225
33.510210, 126.525256
33.510224, 126.525290
33.510234, 126.525306
33.510249, 126.525318
33.510270, 126.525327
33.510296, 126.525333
33.510325, 126.525337
33.510340, 126.525345
33.510356, 126.525364
33.510374, 126.525396
33.510392, 126.525439
33.510441, 126.525565
33.510468, 126.525648
33.510471, 126.525703
33.510467, 126.525723
33.510470, 126.525729
33.510484, 126.525728
33.510509, 126.525718
33.510545, 126.525699
33.510845, 126.525538
33.511175, 126.525406
33.511252, 126.525385
33.511312, 126.525390
33.511337, 126.525399
33.511349, 126.525410
33.511362, 126.525433
33.511374, 126.525467
33.511385, 126.525513
33.511414, 126.525645
33.511428, 126.525750
33.511427, 126.525856
33.511413, 126.526024
33.511414, 126.526072
33.511428, 126.526108
33.511454, 126.526132
33.511492, 126.526144
33.511881, 126.526200
33.511924, 126.526211
33.511962, 126.526232
33.511995, 126.526261
33.512023, 126.526300
33.512283, 126.526732
33.512344, 126.526805
33.512422, 126.526849
33.512565, 126.526897
33.512753, 126.527040
33.512822, 126.527106
33.512879, 126.527188
33.512910, 126.527245
33.512925, 126.527270
33.512937, 126.527289
33.512947, 126.527300
33.512955, 126.527304
33.512961, 126.527305
33.512964, 126.527304
33.512966, 126.527302
33.512967, 126.527299
33.512967, 126.527294
33.512967, 126.527289
33.512972, 126.527285
33.512989, 126.527280
33.513016, 126.527272
33.513054, 126.527263
33.513142, 126.527242
33.513230, 126.527201
33.513282, 126.527190
33.513309, 126.527187
33.513334, 126.527192
33.513359, 126.527203
33.513384, 126.527221
33.513408, 126.527242
33.513436, 126.527261
33.513470, 126.527275
33.513508, 126.527286