33.451674, 126.923680
33.451651, 126.923580
33.451656, 126.923346
33.451598, 126.923215
33.451300, 126.922828
33.450761, 126.921587
33.450783, 126.921540
33.451148, 126.921615
33.451700, 126.922205
33.453346, 126.923648
33.454461, 126.923873
33.455022, 126.923771
33.455123, 126.923694
33.455216, 126.923464
33.456807, 126.922558
33.458358, 126.922395
33.458691, 126.922118
33.458739, 126.922023
33.458705, 126.921863
33.458568, 126.921466
33.458540, 126.920529
33.458723, 126.920034
33.459521, 126.919537
33.459789, 126.919395
33.459896, 126.919456
33.460686, 126.920335
33.460833, 126.921071
33.460815, 126.921384
33.460849, 126.921477
33.461103, 126.921436
33.462140, 126.921167
33.462399, 126.921365
33.462500, 126.921430
33.462591, 126.921419
33.462642, 126.921354
33.462674, 126.921273
33.462623, 126.921035
33.462512, 126.920871
33.462507, 126.920744
33.462540, 126.920502
33.462503, 126.920401
33.462406, 126.920325
33.462372, 126.920251
33.462257, 126.919603
33.462307, 126.919308
33.462342, 126.919193
33.462279, 126.919005
33.462255, 126.918952
33.462766, 126.919497
33.463084, 126.919823
33.463080, 126.919864
33.463023, 126.919995
33.463002, 126.920233
33.463045, 126.920339
33.463305, 126.920523
33.463546, 126.920742
33.463933, 126.920903
33.464843, 126.920685
33.464907, 126.920624
33.464897, 126.920469
33.464741, 126.918858
33.464809, 126.918696
33.464883, 126.918652
33.464959, 126.918657
33.465064, 126.918739
33.465223, 126.919056
33.465522, 126.919411
33.465760, 126.919850
33.465715, 126.920019
33.464638, 126.919100
33.464635, 126.919061
33.464643, 126.918754
33.464670, 126.918578
33.464827, 126.918172
33.465151, 126.917819
33.465341, 126.917682
33.466223, 126.913638
33.466217, 126.913272
33.466186, 126.913161
33.466119, 126.913138
33.463674, 126.914057
33.462503, 126.914363
33.462230, 126.914528
33.462015, 126.914905
33.461558, 126.915088
33.461355, 126.915066
33.461304, 126.915114
33.461236, 126.915323
33.461136, 126.915398
33.459757, 126.915540
33.458208, 126.915724
33.457035, 126.914931
33.455009, 126.913658
33.454866, 126.913555
33.454622, 126.913370
33.454381, 126.913387
33.451402, 126.914414
33.450773, 126.914464
33.450692, 126.914329
33.450603, 126.914074
33.450450, 126.912634
33.450415, 126.912314
33.450415, 126.912074
33.450306, 126.911777
33.449976, 126.910284
33.449994, 126.909849
33.449952, 126.909313
33.449674, 126.907744
33.449506, 126.907441
33.449381, 126.907146
33.448328, 126.906016
33.448187, 126.905405
33.448189, 126.904441
33.447295, 126.902581
33.447166, 126.901336
33.447132, 126.901215
33.447048, 126.901160
33.446858, 126.901173
33.446487, 126.901428
33.446221, 126.902261
33.445899, 126.903428
33.445863, 126.903525
33.445775, 126.903504
33.445457, 126.903086
33.445295, 126.902386
33.445107, 126.901837
33.444813, 126.901627
33.444701, 126.901830
33.444620, 126.901914
33.444318, 126.901856
33.443788, 126.901902
33.442595, 126.902011
33.442298, 126.901909
33.442145, 126.901908
33.441757, 126.902306
33.441127, 126.903503
33.440053, 126.904847
33.439904, 126.904936
33.439560, 126.904809
33.439093, 126.904708
33.437965, 126.904930
33.436823, 126.905036
33.436710, 126.904972
33.436453, 126.904628
33.436161, 126.904103
33.436002, 126.903271
33.436036, 126.902916
33.436176, 126.902684
33.436503, 126.902643
33.436604, 126.902611
33.436650, 126.902522
33.436653, 126.902357
33.436751, 126.902052
33.436981, 126.901808
33.437356, 126.901779
33.437593, 126.901703
33.437739, 126.901659
33.438006, 126.901330
33.438505, 126.901082
33.438795, 126.901244
33.438952, 126.901466
33.439034, 126.901509
33.439666, 126.901573
33.439651, 126.901458
33.439601, 126.901396
33.439506, 126.901392
33.439028, 126.901489
33.438933, 126.901637
33.438772, 126.901886
33.438057, 126.902247
33.437938, 126.902211
33.437810, 126.902045
33.437662, 126.901724
33.437552, 126.901705
33.437332, 126.901806
33.437016, 126.901873
33.436790, 126.902009
33.436659, 126.902242
33.436638, 126.902539
33.436614, 126.902656
33.436530, 126.902696
33.435961, 126.902579
33.435924, 126.902469
33.436220, 126.900349
33.436192, 126.900203
33.435298, 126.899132
33.435182, 126.898899
33.435163, 126.898751
33.435200, 126.898405
33.435158, 126.898338
33.435092, 126.898338
33.434273, 126.898664
33.434183, 126.898693
33.434151, 126.898668
33.434134, 126.898563
33.434055, 126.898198
33.433842, 126.897724
33.433776, 126.897434
33.433482, 126.896367
33.433362, 126.896144
33.433352, 126.896057
33.433360, 126.895268
33.433320, 126.894700
33.433372, 126.894237
33.433242, 126.894249
33.432227, 126.894789
33.431928, 126.894894
33.431934, 126.894936
33.431835, 126.895011
33.430498, 126.895225
33.430065, 126.895420
33.429850, 126.895766
33.429741, 126.895835
33.429228, 126.896000
33.428544, 126.896784
33.428118, 126.896921
33.427970, 126.896823
33.427894, 126.896627
33.427820, 126.896050
33.427277, 126.895170
33.427111, 126.894648
33.427232, 126.893804
33.427194, 126.893504
33.427036, 126.893129
33.426949, 126.892721
33.426822, 126.892639
33.426260, 126.892573
33.425968, 126.892733
33.425705, 126.893017
33.425631, 126.892989
33.425475, 126.892553
33.425494, 126.891697
33.425375, 126.891379
33.425159, 126.891129
33.424885, 126.890956
33.424613, 126.890460
33.424407, 126.890306
33.424064, 126.890276
33.423682, 126.890414
33.423475, 126.890674
33.423377, 126.890723
33.423237, 126.890656
33.423001, 126.890483
33.422719, 126.890468
33.422039, 126.890736
33.421745, 126.890786
33.421398, 126.891097
33.421241, 126.891173
33.421179, 126.891277
33.420985, 126.891724
33.420567, 126.892035
33.420041, 126.891950
33.419788, 126.891973
33.419458, 126.892455
33.419402, 126.892712
33.419611, 126.893068
33.420088, 126.893785
33.419936, 126.894058
33.419650, 126.894335
33.419399, 126.894387
33.416689, 126.894717
33.416075, 126.894650
33.415846, 126.894606
33.415648, 126.894597
33.415430, 126.894431
33.415306, 126.893984
33.415398, 126.893580
33.415357, 126.893436
33.415306, 126.893430
33.415202, 126.893529
33.414734, 126.894044
33.414679, 126.894174
33.414685, 126.894381
33.414741, 126.894791
33.414716, 126.894807
33.414643, 126.894674
33.414548, 126.894340
33.414465, 126.894297
33.414253, 126.894323
33.413781, 126.894664
33.413178, 126.895351
33.412777, 126.895559
33.412140, 126.896225
33.410838, 126.896732
33.410673, 126.896885
33.410488, 126.896880
33.410209, 126.896889
33.409595, 126.897322
33.409548, 126.897473
33.409564, 126.897832
33.409652, 126.898109
33.410078, 126.898364
33.410701, 126.898712
33.410864, 126.899211
33.410801, 126.899409
33.410429, 126.899771
33.410256, 126.900019
33.410274, 126.900520
33.410253, 126.900834
33.410109, 126.901159
33.409911, 126.901360
33.409608, 126.901780
33.409385, 126.902216
33.409052, 126.902459
33.408581, 126.902567
33.408409, 126.902782
33.408277, 126.903267
33.408273, 126.903295
33.408267, 126.903322
33.408259, 126.903348
33.405980, 126.905790
33.405772, 126.905837
33.405601, 126.905761
33.405453, 126.905763
33.405393, 126.905723
33.405095, 126.905213
33.405019, 126.904744
33.405166, 126.904175
33.405163, 126.904113
33.404990, 126.904022
33.404792, 126.903941
33.404709, 126.903918
33.404695, 126.903830
33.404731, 126.903707
33.404696, 126.903657
33.404522, 126.903579
33.404010, 126.903523
33.403796, 126.903370
33.403521, 126.902912
33.403315, 126.902812
33.402563, 126.902878
33.402375, 126.902809
33.402313, 126.902734
33.402297, 126.902563
33.402374, 126.901362
33.402496, 126.900871
33.402428, 126.900256
33.402674, 126.899757
33.402996, 126.898790
33.402895, 126.897979
33.402688, 126.897367
33.402299, 126.897176
33.401677, 126.896500
33.401305, 126.896252
33.400936, 126.895711
33.400656, 126.895465
33.399992, 126.895244
33.400001, 126.895140
33.400524, 126.895361