33.399445, 126.894795
33.399447, 126.894548
33.399175, 126.893410
33.399440, 126.892223
33.399717, 126.891903
33.399812, 126.891674
33.399557, 126.890864
33.399125, 126.889776
33.399087, 126.888586
33.399024, 126.888362
33.398629, 126.887733
33.398382, 126.886893
33.398115, 126.886593
33.397957, 126.886234
33.397903, 126.885612
33.398069, 126.884609
33.397983, 126.884422
33.397492, 126.883949
33.397029, 126.883858
33.396935, 126.883769
33.396888, 126.883662
33.396847, 126.883456
33.396379, 126.883028
33.396032, 126.882932
33.395733, 126.882718
33.395579, 126.882412
33.395498, 126.882337
33.394751, 126.882780
33.394482, 126.882838
33.394137, 126.882652
33.393726, 126.882248
33.393518, 126.881765
33.393688, 126.880949
33.393685, 126.880666
33.393706, 126.880466
33.393688, 126.880377
33.393446, 126.879976
33.392854, 126.879651
33.392610, 126.879234
33.392221, 126.878780
33.391977, 126.878640
33.391945, 126.878566
33.391968, 126.878528
33.392054, 126.878500
33.392564, 126.878642
33.392736, 126.878614
33.392795, 126.878513
33.392896, 126.877877
33.393467, 126.877002
33.393520, 126.876549
33.393704, 126.876154
33.393886, 126.875619
33.394004, 126.875385
33.394240, 126.875287
33.394413, 126.875132
33.394628, 126.874382
33.394639, 126.873868
33.394442, 126.873148
33.394467, 126.873010
33.394603, 126.872873
33.394943, 126.872737
33.395070, 126.872522
33.395123, 126.871922
33.395173, 126.871740
33.396061, 126.871389
33.396459, 126.871419
33.396860, 126.871468
33.397147, 126.871297
33.397412, 126.871058
33.398009, 126.870713
33.398199, 126.870303
33.398170, 126.869904
33.398065, 126.869432
33.398109, 126.869177
33.398484, 126.868464
33.398906, 126.868122
33.399033, 126.867905
33.398978, 126.867512
33.397961, 126.865590
33.397860, 126.865342
33.397815, 126.864944
33.397791, 126.864710
33.397766, 126.864674
33.397772, 126.864770
33.397785, 126.864810
33.397806, 126.864810
33.397849, 126.864720
33.397886, 126.864640
33.397868, 126.864723
33.397840, 126.864744
33.397799, 126.864709
33.397788, 126.864601
33.397816, 126.864393
33.397945, 126.863880
33.397328, 126.862725
33.396784, 126.861464
33.396549, 126.861178
33.396312, 126.860611
33.396279, 126.860450
33.396263, 126.860262
33.396117, 126.860082
33.395771, 126.859893
33.395748, 126.859852
33.395798, 126.859852
33.395973, 126.859884
33.396077, 126.859818
33.396515, 126.859244
33.396572, 126.858845
33.396762, 126.858439
33.396960, 126.858202
33.396976, 126.858134
33.396760, 126.857718
33.396694, 126.857426
33.396977, 126.856664
33.397021, 126.856456
33.396956, 126.856229
33.396757, 126.855902
33.396620, 126.855671
33.396550, 126.855002
33.396490, 126.854212
33.396434, 126.854171
33.396285, 126.854219
33.395726, 126.854186
33.395396, 126.854073
33.395131, 126.854104
33.395075, 126.854104
33.395073, 126.854063
33.395083, 126.854024
33.395061, 126.854112
33.394932, 126.854482
33.394712, 126.854890
33.394413, 126.855778
33.394309, 126.855854
33.392163, 126.855889
33.391885, 126.855772
33.391671, 126.855517
33.391429, 126.854783
33.391395, 126.854268
33.391328, 126.854195
33.390723, 126.854061
33.390507, 126.854109
33.390397, 126.854306
33.390215, 126.854451
33.390132, 126.854538
33.389782, 126.856134
33.389509, 126.856665
33.388757, 126.857284
33.388586, 126.857310
33.388515, 126.857233
33.388473, 126.857119
33.388553, 126.856591
33.388513, 126.856451
33.388365, 126.856173
33.388450, 126.856024
33.388734, 126.855728
33.388833, 126.855445
33.388826, 126.854324
33.388466, 126.853720
33.388085, 126.853420
33.387972, 126.853409
33.387834, 126.853509
33.387682, 126.853633
33.387485, 126.853778
33.386859, 126.854713
33.386765, 126.855225
33.386462, 126.855681
33.386280, 126.855814
33.386059, 126.855807
33.385938, 126.855676
33.385866, 126.855547
33.385786, 126.855518
33.385741, 126.855458
33.385658, 126.855226
33.385557, 126.855144
33.385129, 126.854947
33.385028, 126.854785
33.384934, 126.854791
33.383835, 126.855568
33.382178, 126.856244
33.382079, 126.856334
33.382020, 126.856531
33.382043, 126.856824
33.382301, 126.857578
33.382153, 126.858635
33.382064, 126.858882
33.382044, 126.858991
33.382270, 126.859941
33.382310, 126.860029
33.382329, 126.860029
33.382303, 126.860120
33.382181, 126.860401
33.382128, 126.860510
33.382167, 126.860693
33.382162, 126.860829
33.382074, 126.860957
33.381843, 126.861140
33.381708, 126.861623
33.381652, 126.861751
33.381039, 126.861997
33.380306, 126.862320
33.380099, 126.862630
33.379926, 126.863103
33.379576, 126.863771
33.379586, 126.863845
33.379600, 126.863883
33.379087, 126.864585
33.377924, 126.865559
33.377662, 126.865595
33.377548, 126.865471
33.377213, 126.864381
33.377044, 126.863227
33.376892, 126.863034
33.376516, 126.862694
33.376400, 126.862416
33.376429, 126.862229
33.376664, 126.861230
33.376513, 126.860619
33.376400, 126.860412
33.376097, 126.860227
33.375949, 126.860069
33.375927, 126.859949
33.376052, 126.859404
33.376189, 126.859291
33.376562, 126.859009
33.376627, 126.858796
33.376508, 126.858592
33.376295, 126.857859
33.376234, 126.857508
33.376251, 126.857148
33.374295, 126.854100
33.374082, 126.853832
33.374067, 126.853624
33.374180, 126.852798
33.374084, 126.852372
33.373899, 126.852093
33.373176, 126.852042
33.372687, 126.851978
33.371851, 126.852129
33.371426, 126.851776
33.371373, 126.851658
33.371401, 126.851730
33.371533, 126.851929
33.371949, 126.852144
33.372879, 126.851976
33.373074, 126.852077
33.373102, 126.852202
33.372292, 126.854617
33.372216, 126.854685
33.372069, 126.854587
33.371964, 126.854324
33.371954, 126.854257
33.371962, 126.854260
33.371958, 126.854325
33.371924, 126.854363
33.371855, 126.854391
33.371798, 126.854367
33.371990, 126.854572
33.372205, 126.854705
33.372267, 126.854783
33.371880, 126.857243
33.371778, 126.859439
33.371317, 126.860651
33.371249, 126.860622
33.370231, 126.859235
33.370062, 126.858908
33.369994, 126.858669
33.369869, 126.858559
33.369652, 126.858387
33.369534, 126.858364
33.368119, 126.859554
33.367975, 126.859799
33.367584, 126.859920
33.366971, 126.860255
33.366597, 126.860341
33.366214, 126.860119
33.365004, 126.859865
33.364815, 126.859691
33.364559, 126.858984
33.364624, 126.858634
33.364613, 126.858578
33.364585, 126.858606
33.364510, 126.858839
33.364542, 126.859314
33.364488, 126.859707
33.364478, 126.860178
33.364370, 126.860616
33.364092, 126.861368
33.363710, 126.861788
33.363605, 126.862007
33.363662, 126.862585
33.363468, 126.863142
33.362937, 126.863722
33.362844, 126.863912
33.362957, 126.864193
33.363178, 126.864598
33.363149, 126.864876
33.363068, 126.865328
33.363126, 126.865826
33.363158, 126.865824
33.363184, 126.865635
33.363162, 126.865479
33.363076, 126.865429
33.362811, 126.865380
33.362619, 126.865621
33.362153, 126.865917
33.361745, 126.865926
33.361373, 126.865700
33.360359, 126.865426
33.360271, 126.865503
33.360213, 126.865742
33.360239, 126.866500
33.360095, 126.867132
33.360021, 126.867251
33.358455, 126.867672
33.357032, 126.868280
33.355688, 126.868215
33.355392, 126.868312
33.355287, 126.868332
33.355041, 126.868103
33.354382, 126.867773
33.354204, 126.867642
33.354185, 126.867614
33.354142, 126.867576
33.353705, 126.867283
33.352681, 126.866692
33.352484, 126.866306
33.352046, 126.865832
33.351828, 126.865535
33.351556, 126.865297
33.350880, 126.864974
33.350398, 126.864456
33.350319, 126.864434
33.350255, 126.864460
33.350245, 126.864406
33.350197, 126.864271
33.349749, 126.863807
33.349456, 126.863652
33.349378, 126.863540
33.349393, 126.862843
33.348988, 126.861776
33.348325, 126.859960
33.348086, 126.859266
33.348075, 126.858899
33.347703, 126.858123
33.347663, 126.858009
33.347565, 126.857796
33.346705, 126.856401
33.345982, 126.855638
33.345737, 126.855174
33.345628, 126.855137
33.345418, 126.855153
33.345303, 126.855070
33.344927, 126.854917
33.344607, 126.854574
33.344216, 126.854327
33.343817, 126.854063
33.343095, 126.853911
33.342843, 126.853554
33.342851, 126.853240
33.342831, 126.853094
33.342449, 126.852673
33.341703, 126.852629
33.341291, 126.852585
33.341004, 126.852332
33.340652, 126.851902
33.340392, 126.851776
33.339953, 126.851319
33.339902, 126.851081
33.339804, 126.850773
33.339652, 126.850620
33.339049, 126.850593
33.338561, 126.850930
33.338108, 126.851238
33.337943, 126.851140
33.337842, 126.850950
33.337663, 126.850545
33.337348, 126.850243
33.337157, 126.850218
33.336962, 126.850231
33.336890, 126.850169
33.336870, 126.850078
33.336890, 126.850047
33.336948, 126.849998
33.337095, 126.849688
33.337092, 126.849592
33.336982, 126.849497
33.336779, 126.849357
33.336757, 126.849274
33.336829, 126.849054
33.336814, 126.848983
33.336641, 126.849031
33.336540, 126.848998
33.336438, 126.848851
33.336059, 126.847752
33.335963, 126.847498
33.334368, 126.845909
33.334052, 126.845424
33.333889, 126.844966
33.332502, 126.843384
33.332205, 126.842819
33.331904, 126.842455
33.330471, 126.841905
33.329980, 126.841577
33.329964, 126.841452
33.329941, 126.841142
33.329778, 126.840604
33.329872, 126.840202
33.329840, 126.840065
33.329320, 126.839562
33.328316, 126.839062
33.328107, 126.838993
33.328008, 126.838786
33.327775, 126.838479
33.327174, 126.838251
33.325815, 126.837978
33.325724, 126.838009
33.325706, 126.838065
33.325712, 126.838090
33.325728, 126.838210
33.325809, 126.839397
33.326019, 126.839884
33.326017, 126.840033
33.325922, 126.840402
33.325941, 126.841049
33.325978, 126.841248
33.325995, 126.841275
33.326006, 126.841277
33.325959, 126.841301
33.325814, 126.842344
33.325768, 126.842371
33.325722, 126.842405
33.325679, 126.842498
33.325703, 126.842560
33.325731, 126.842585
33.325798, 126.842637