33.325825, 126.842287
33.325869, 126.842284
33.325887, 126.842280
33.325898, 126.842271
33.325900, 126.842256
33.325896, 126.842236
33.325887, 126.842213
33.325885, 126.842201
33.325890, 126.842190
33.325899, 126.842179
33.325915, 126.842167
33.325933, 126.842156
33.325936, 126.842153
33.325927, 126.842156
33.325907, 126.842164
33.325875, 126.842177
33.325837, 126.842194
33.325800, 126.842219
33.325765, 126.842262
33.325749, 126.842287
33.325742, 126.842301
33.325739, 126.842315
33.325740, 126.842331
33.325744, 126.842347
33.325750, 126.842364
33.325749, 126.842376
33.325738, 126.842395
33.325719, 126.842421
33.325690, 126.842454
33.325636, 126.842514
33.325576, 126.842566
33.325503, 126.842603
33.325463, 126.842617
33.325423, 126.842646
33.325381, 126.842702
33.325360, 126.842738
33.325351, 126.842760
33.325348, 126.842790
33.325350, 126.842830
33.325356, 126.842878
33.325443, 126.843399
33.325452, 126.843446
33.325463, 126.843482
33.325474, 126.843508
33.325487, 126.843522
33.325500, 126.843531
33.325517, 126.843563
33.325543, 126.843641
33.325593, 126.843805
33.325630, 126.843902
33.325679, 126.843991
33.325785, 126.844153
33.325806, 126.844195
33.325816, 126.844238
33.325814, 126.844280
33.325800, 126.844323
33.325780, 126.844365
33.325745, 126.844412
33.325683, 126.844466
33.325388, 126.844690
33.325277, 126.844761
33.325195, 126.844798
33.325107, 126.844809
33.325007, 126.844808
33.324918, 126.844815
33.324831, 126.844840
33.324644, 126.844914
33.324574, 126.844923
33.324504, 126.844948
33.324436, 126.845003
33.324146, 126.845309
33.323799, 126.845506
33.322964, 126.845842
33.322544, 126.846067
33.322474, 126.846125
33.322428, 126.846211
33.322405, 126.846276
33.322392, 126.846352
33.322396, 126.846448
33.322446, 126.846821
33.322448, 126.846871
33.322438, 126.846915
33.322417, 126.846954
33.322385, 126.846986
33.322161, 126.847162
33.322082, 126.847206
33.321996, 126.847222
33.321679, 126.847228
33.321594, 126.847261
33.321511, 126.847276
33.321432, 126.847256
33.321393, 126.847238
33.321351, 126.847202
33.321304, 126.847130
33.321265, 126.847062
33.321243, 126.847032
33.321214, 126.847008
33.321179, 126.846992
33.321138, 126.846983
33.321031, 126.846970
33.320954, 126.846950
33.320902, 126.846908
33.320881, 126.846883
33.320864, 126.846837
33.320852, 126.846750
33.320846, 126.846689
33.320851, 126.846619
33.320876, 126.846530
33.320910, 126.846432
33.320935, 126.846347
33.320945, 126.846286
33.320945, 126.846261
33.320938, 126.846217
33.320916, 126.846135
33.320803, 126.845746
33.320692, 126.845526
33.320638, 126.845444
33.320566, 126.845384
33.320333, 126.845241
33.320240, 126.845140
33.320211, 126.845108
33.320190, 126.845082
33.320177, 126.845063
33.320173, 126.845051
33.320172, 126.845034
33.320172, 126.844951
33.320159, 126.844867
33.320120, 126.844781
33.319971, 126.844530
33.319926, 126.844438
33.319895, 126.844339
33.319793, 126.843885
33.319793, 126.843847
33.319791, 126.843759
33.319799, 126.843655
33.319795, 126.843552
33.319769, 126.843453
33.319666, 126.843189
33.319620, 126.843098
33.319560, 126.843022
33.319321, 126.842779
33.319248, 126.842720
33.319165, 126.842685
33.318983, 126.842634
33.318147, 126.842569
33.317287, 126.842310
33.317203, 126.842276
33.317124, 126.842225
33.316994, 126.842123
33.316715, 126.841765
33.316576, 126.841416
33.316479, 126.840981
33.316492, 126.840493
33.316416, 126.839911
33.316247, 126.839483
33.315985, 126.839039
33.315748, 126.838520
33.315393, 126.837978
33.315038, 126.837631
33.314814, 126.837271
33.314634, 126.836943
33.314581, 126.836867
33.314518, 126.836820
33.314484, 126.836803
33.314437, 126.836793
33.314361, 126.836795
33.314263, 126.836806
33.314175, 126.836825
33.314093, 126.836864
33.314017, 126.836911
33.313937, 126.836948
33.313850, 126.836966
33.313269, 126.837020
33.312719, 126.837021
33.312634, 126.837004
33.312559, 126.836954
33.312286, 126.836692
33.312102, 126.836379
33.312060, 126.836287
33.312040, 126.836184
33.311971, 126.835449
33.311954, 126.835345
33.311922, 126.835246
33.311837, 126.835036
33.311233, 126.834000
33.310647, 126.832756
33.310218, 126.832120
33.309730, 126.830968
33.309498, 126.830664
33.308958, 126.830212
33.308696, 126.829912
33.308501, 126.829567
33.308445, 126.829485
33.308378, 126.829414
33.307503, 126.828642
33.307218, 126.828232
33.306930, 126.827651
33.306891, 126.827555
33.306869, 126.827453
33.306820, 126.827091
33.306820, 126.826998
33.306755, 126.826151
33.306531, 126.825476
33.306512, 126.825429
33.306486, 126.825390
33.306454, 126.825358
33.306415, 126.825334
33.306370, 126.825311
33.306328, 126.825282
33.306296, 126.825240
33.306282, 126.825216
33.306279, 126.825200
33.306283, 126.825175
33.306294, 126.825141
33.306313, 126.825098
33.306375, 126.824968
33.306406, 126.824871
33.306410, 126.824767
33.306374, 126.824333
33.306072, 126.822593
33.306063, 126.822487
33.306071, 126.822382
33.306111, 126.822149
33.306137, 126.822048
33.306179, 126.821954
33.306322, 126.821699
33.306505, 126.821494
33.306565, 126.821415
33.306611, 126.821324
33.306704, 126.821100
33.306752, 126.821012
33.306816, 126.820939
33.307650, 126.820180
33.307715, 126.820108
33.307764, 126.820020
33.307805, 126.819928
33.307838, 126.819831
33.307854, 126.819728
33.307870, 126.819530
33.307871, 126.819424
33.307856, 126.819319
33.307578, 126.817993
33.307578, 126.817936
33.307615, 126.817559
33.307635, 126.817456
33.307674, 126.817361
33.307970, 126.816812
33.308011, 126.816718
33.308038, 126.816616
33.308056, 126.816520
33.308063, 126.816421
33.308049, 126.816320
33.307838, 126.815460
33.307763, 126.815276
33.307718, 126.815184
33.307660, 126.815103
33.307431, 126.814834
33.307241, 126.814675
33.306763, 126.813970
33.306713, 126.813882
33.306677, 126.813785
33.306547, 126.813332
33.306525, 126.813240
33.306519, 126.813165
33.306520, 126.813099
33.306399, 126.812621
33.306101, 126.811975
33.305837, 126.811578
33.305777, 126.811414
33.305731, 126.811328
33.305662, 126.811265
33.305536, 126.811184
33.304962, 126.810940
33.304429, 126.810554
33.304225, 126.810287
33.303873, 126.809515
33.303095, 126.808142
33.303053, 126.808048
33.303027, 126.807947
33.302965, 126.807567
33.302988, 126.807245
33.303007, 126.807143
33.303047, 126.807050
33.303143, 126.806885
33.303534, 126.806456
33.303605, 126.806391
33.303683, 126.806340
33.303746, 126.806307
33.303815, 126.806281
33.303898, 126.806267
33.304214, 126.806242
33.304301, 126.806249
33.304382, 126.806286
33.304545, 126.806392
33.304627, 126.806431
33.304714, 126.806446
33.305081, 126.806461
33.305294, 126.806418
33.305333, 126.806412
33.305361, 126.806411
33.305379, 126.806416
33.305387, 126.806427
33.305389, 126.806440
33.305387, 126.806444
33.305377, 126.806443
33.305360, 126.806437
33.305336, 126.806426
33.305309, 126.806413
33.305302, 126.806405
33.305310, 126.806394
33.305331, 126.806381
33.305367, 126.806365
33.305641, 126.806255
33.305897, 126.806073
33.305965, 126.806008
33.306015, 126.805922
33.306051, 126.805834
33.306079, 126.805757
33.306089, 126.805700
33.306090, 126.805677
33.306075, 126.805640
33.306030, 126.805574
33.305842, 126.805322
33.305777, 126.805250
33.305701, 126.805195
33.305280, 126.804957
33.305205, 126.804902
33.305143, 126.804827
33.305041, 126.804672
33.304995, 126.804583
33.304968, 126.804482
33.304946, 126.804346
33.304683, 126.803642
33.304656, 126.803558
33.304647, 126.803502
33.304647, 126.803481
33.304643, 126.803467
33.304631, 126.803447
33.304611, 126.803420
33.304583, 126.803385
33.304511, 126.803302
33.304442, 126.803237
33.304362, 126.803191
33.304076, 126.803071
33.304038, 126.803052
33.304010, 126.803031
33.303991, 126.803007
33.303982, 126.802981
33.303978, 126.802954
33.303979, 126.802911
33.303992, 126.802837
33.304001, 126.802792
33.304001, 126.802733
33.303982, 126.802645
33.303913, 126.802394
33.303890, 126.802051
33.303899, 126.801950
33.303941, 126.801861
33.304036, 126.801724
33.304081, 126.801636
33.304101, 126.801535
33.304113, 126.801357
33.304112, 126.801251
33.304096, 126.801146
33.303990, 126.800689
33.303846, 126.800340
33.303754, 126.799923
33.303754, 126.799786
33.303746, 126.799680
33.303725, 126.799576
33.303584, 126.799072
33.303410, 126.798235
33.303362, 126.798060
33.303347, 126.797957
33.303360, 126.797855
33.303523, 126.797214
33.303533, 126.797169
33.303539, 126.797135
33.303541, 126.797113
33.303537, 126.797103
33.303531, 126.797099
33.303532, 126.797092
33.303541, 126.797075
33.303558, 126.797048
33.303583, 126.797012
33.303737, 126.796791
33.303785, 126.796702
33.303814, 126.796603
33.303890, 126.796189
33.303918, 126.796088
33.303961, 126.795995
33.304081, 126.795788
33.304229, 126.795595
33.304281, 126.795511
33.304316, 126.795418
33.304329, 126.795368
33.304339, 126.795318
33.304342, 126.795264
33.304342, 126.795237
33.304355, 126.795194
33.304394, 126.795122
33.304575, 126.794821
33.304662, 126.794578
33.304886, 126.794145
33.304925, 126.794050
33.304949, 126.793947
33.304979, 126.793744
33.304982, 126.793644
33.304961, 126.793556
33.304944, 126.793515
33.304932, 126.793495
33.304911, 126.793476
33.304881, 126.793458
33.304842, 126.793441
33.304701, 126.793385
33.304618, 126.793363
33.304541, 126.793363
33.304505, 126.793368
33.304485, 126.793365
33.304461, 126.793352
33.304435, 126.793329
33.304405, 126.793296
33.304336, 126.793211
33.304275, 126.793145
33.304216, 126.793100
33.304188, 126.793082
33.304151, 126.793050
33.304097, 126.792987
33.303953, 126.792806
33.303862, 126.792651
33.303837, 126.792628
33.303810, 126.792586
33.303778, 126.792505
33.303541, 126.791820
33.303519, 126.791718
33.303520, 126.791614
33.303561, 126.791263
33.303596, 126.791164
33.303621, 126.791078
33.303630, 126.791020
33.303630, 126.790998
33.303631, 126.790992
33.303634, 126.790993
33.303638, 126.791003
33.303645, 126.791022
33.303653, 126.791044
33.303660, 126.791054
33.303674, 126.791062
33.303694, 126.791068
33.303721, 126.791071
33.303752, 126.791074
33.303769, 126.791070
33.303789, 126.791055
33.303814, 126.791031
33.303842, 126.790996
33.304018, 126.790760
33.304065, 126.790673
33.304084, 126.790573
33.304116, 126.789949
33.304094, 126.789805
33.304091, 126.789754
33.304098, 126.789707
33.304115, 126.789664
33.304142, 126.789625
33.304438, 126.789280
33.304624, 126.788917
33.304772, 126.788367
33.304806, 126.787947
33.304824, 126.787843
33.304859, 126.787746
33.304908, 126.787642
33.304956, 126.787564
33.305010, 126.787518
33.305039, 126.787504
33.305084, 126.787494
33.305158, 126.787495
33.305707, 126.787530
33.305842, 126.787556
33.305885, 126.787559
33.305925, 126.787554
33.305963, 126.787538
33.305998, 126.787513
33.306031, 126.787483
33.306068, 126.787438
33.306112, 126.787361
33.306489, 126.786619
33.306529, 126.786524
33.306553, 126.786422
33.306566, 126.786341
33.306568, 126.786300
33.306561, 126.786260
33.306545, 126.786219
33.306520, 126.786178
33.306482, 126.786126
33.306454, 126.786074
33.306444, 126.786021
33.306444, 126.785968
33.306453, 126.785682
33.306298, 126.784968
33.306287, 126.784864
33.306297, 126.784759
33.306393, 126.784287
33.306391, 126.783808
33.306398, 126.783702
33.306421, 126.783599
33.306548, 126.783188
33.306666, 126.782884
33.306716, 126.782685
33.306751, 126.782589
33.306805, 126.782506
33.307014, 126.782257
33.307084, 126.782195
33.307166, 126.782159
33.307296, 126.782127
33.307381, 126.782119
33.307461, 126.782140
33.307538, 126.782175
33.307633, 126.782253
33.307711, 126.782303
33.307796, 126.782331
33.308200, 126.782412
33.308657, 126.782559
33.308741, 126.782594
33.308819, 126.782645
33.308998, 126.782784
33.309076, 126.782824
33.309162, 126.782823
33.309220, 126.782811
33.309281, 126.782784
33.309349, 126.782731
33.309886, 126.782219
33.310122, 126.781862
33.310324, 126.781505
33.310380, 126.781423
33.310448, 126.781355
33.310553, 126.781268
33.310631, 126.781223
33.310717, 126.781210
33.310938, 126.781218
33.310995, 126.781241
33.311060, 126.781252
33.311139, 126.781236
33.311623, 126.781082
33.311705, 126.781044
33.311778, 126.780984
33.312072, 126.780679
33.312111, 126.780623
33.312161, 126.780572
33.312234, 126.780528
33.312371, 126.780462
33.312449, 126.780412
33.312514, 126.780341
33.312716, 126.780069
33.313039, 126.779528
33.313315, 126.779228
33.313502, 126.779124
33.313585, 126.779099
33.313669, 126.779113
33.313813, 126.779169
33.313899, 126.779194
33.313988, 126.779200
33.314504, 126.779183
33.315078, 126.779257
33.315775, 126.779289
33.315859, 126.779275
33.315933, 126.779223
33.315983, 126.779172
33.316031, 126.779110
33.316075, 126.779026
33.316163, 126.778827
33.316211, 126.778746
33.316273, 126.778694
33.316342, 126.778656
33.316555, 126.778605
33.316868, 126.778453
33.316981, 126.778355
33.317058, 126.778306
33.317144, 126.778285
33.317235, 126.778279
33.317533, 126.778350
33.317753, 126.778400
33.317837, 126.778432
33.317911, 126.778489
33.318022, 126.778600
33.318096, 126.778654
33.318181, 126.778679
33.318358, 126.778701
33.318763, 126.778697
33.318965, 126.778764
33.319053, 126.778781
33.319141, 126.778776
33.319459, 126.778718
33.319922, 126.778771
33.320009, 126.778767
33.320093, 126.778736
33.320313, 126.778613
33.320396, 126.778582
33.320483, 126.778580
33.320911, 126.778642
33.321171, 126.778598
33.321709, 126.778292
33.321968, 126.778201
33.322061, 126.778141
33.322142, 126.778098
33.322227, 126.778071
33.322270, 126.778062
33.322322, 126.778041
33.322391, 126.777997
33.323248, 126.777389
33.324014, 126.777114
33.324097, 126.777075
33.324173, 126.777020
33.324293, 126.776917
33.324361, 126.776848
33.324418, 126.776767
33.324601, 126.776455
33.324950, 126.775670
33.325084, 126.774945
33.325088, 126.774897
33.325078, 126.774857
33.325055, 126.774825
33.325020, 126.774802
33.324880, 126.774738
33.324668, 126.774716
33.324579, 126.774715
33.324491, 126.774731
33.324131, 126.774832
33.324080, 126.774834
33.324054, 126.774829
33.324028, 126.774813
33.324003, 126.774786
33.323978, 126.774746
33.323595, 126.774048
33.323538, 126.773969
33.323464, 126.773912
33.322963, 126.773630
33.322892, 126.773576
33.322845, 126.773507
33.322827, 126.773468
33.322812, 126.773412
33.322804, 126.773321
33.322798, 126.773180
33.322899, 126.772446
33.323064, 126.771912
33.323082, 126.771598
33.323076, 126.771388
33.323100, 126.771060
33.323100, 126.770998
33.323079, 126.770895
33.323046, 126.770801
33.322986, 126.770728
33.322849, 126.770610
33.322503, 126.770127
33.322266, 126.769925
33.322058, 126.769709
33.321974, 126.769633
33.321912, 126.769559
33.321869, 126.769467
33.321808, 126.769291
33.321782, 126.769190
33.321769, 126.769088
33.321767, 126.769037
33.321776, 126.768980
33.321807, 126.768911
33.321829, 126.768874
33.321845, 126.768838
33.321851, 126.768803
33.321852, 126.768786
33.321849, 126.768778
33.321842, 126.768769
33.321829, 126.768760
33.321811, 126.768750
33.321790, 126.768741
33.321753, 126.768735
33.321682, 126.768739
33.321639, 126.768743
33.321587, 126.768761
33.321520, 126.768807
33.321017, 126.769213
33.320982, 126.769234
33.320950, 126.769235
33.320923, 126.769216
33.320899, 126.769179
33.320860, 126.769095
33.320831, 126.769005
33.320821, 126.768903
33.320821, 126.768667
33.320855, 126.768307
33.320857, 126.768201
33.320844, 126.768095
33.320823, 126.767989
33.320791, 126.767891
33.320739, 126.767807
33.320492, 126.767502
33.320211, 126.766993
33.320191, 126.766948
33.320184, 126.766902
33.320187, 126.766855
33.320202, 126.766808
33.320256, 126.766682
33.320400, 126.766498
33.320446, 126.766432
33.320462, 126.766390
33.320463, 126.766376
33.320456, 126.766339
33.320436, 126.766259
33.320363, 126.765979
33.320356, 126.765930
33.320361, 126.765886
33.320379, 126.765848
33.320410, 126.765815
33.320465, 126.765769
33.320512, 126.765721
33.320542, 126.765667
33.320552, 126.765639
33.320563, 126.765627
33.320583, 126.765617
33.320613, 126.765611
33.320653, 126.765607
33.320956, 126.765595
33.321104, 126.765568
33.321143, 126.765555
33.321174, 126.765531
33.321194, 126.765497
33.321206, 126.765452
33.321212, 126.765401
33.321210, 126.765338
33.321189, 126.765249
33.321129, 126.765045
33.321092, 126.764948
33.321043, 126.764859
33.320861, 126.764581
33.320324, 126.763902
33.320269, 126.763819
33.320228, 126.763724
33.320004, 126.763059
33.319946, 126.762812
33.319873, 126.762608
33.319855, 126.762564
33.319834, 126.762530
33.319811, 126.762506
33.319786, 126.762493
33.319759, 126.762485
33.319744, 126.762485
33.319722, 126.762493
33.319695, 126.762510
33.319661, 126.762535
33.319625, 126.762564
33.319592, 126.762612
33.319564, 126.762696
33.319431, 126.763239
33.319184, 126.763988
33.319024, 126.764615
33.318989, 126.764711
33.318934, 126.764793
33.318788, 126.764962
33.318592, 126.765285
33.318533, 126.765365
33.318463, 126.765431
33.318256, 126.765589
33.318180, 126.765633
33.318103, 126.765647
33.318064, 126.765646
33.318018, 126.765628
33.317957, 126.765576
33.317831, 126.765447
33.317773, 126.765368
33.317737, 126.765273
33.317701, 126.765130
33.317691, 126.765028
33.317710, 126.764928
33.317747, 126.764821
33.317941, 126.764521
33.317988, 126.764431
33.318019, 126.764331
33.318081, 126.764051
33.318094, 126.763947
33.318088, 126.763841
33.317997, 126.763244
33.317985, 126.763196
33.317964, 126.763156
33.317934, 126.763125
33.317896, 126.763103
33.317835, 126.763077
33.317806, 126.763060
33.317781, 126.763035
33.317758, 126.763001
33.317738, 126.762958
33.317702, 126.762864
33.317657, 126.762417
33.317578, 126.762151
33.317555, 126.762065
33.317547, 126.762010
33.317547, 126.761969
33.317551, 126.761906
33.317548, 126.761875
33.317537, 126.761845
33.317517, 126.761816
33.317488, 126.761787
33.317422, 126.761730
33.317303, 126.761664
33.317033, 126.761384
33.316977, 126.761304
33.316944, 126.761208
33.316882, 126.760890
33.316853, 126.760793
33.316807, 126.760712
33.316780, 126.760676
33.316739, 126.760641
33.316667, 126.760609
33.316553, 126.760569
33.316477, 126.760523
33.316421, 126.760446
33.316227, 126.760056
33.316191, 126.759960
33.316176, 126.759856
33.316170, 126.759726
33.316178, 126.759651
33.316177, 126.759617
33.316166, 126.759588
33.316146, 126.759564
33.316115, 126.759546
33.316043, 126.759516
33.315542, 126.759482
33.315108, 126.759367
33.314531, 126.759422
33.314092, 126.759518
33.314008, 126.759550
33.313933, 126.759604
33.313878, 126.759656
33.313825, 126.759719
33.313778, 126.759802
33.313709, 126.759949
33.313656, 126.760032
33.313586, 126.760096
33.313412, 126.760216
33.312834, 126.760499
33.312471, 126.760697
33.311122, 126.761091
33.310821, 126.761105
33.310737, 126.761090
33.310664, 126.761038
33.310552, 126.760919
33.310504, 126.760863
33.310479, 126.760839
33.310451, 126.760823
33.310420, 126.760813
33.310386, 126.760812
33.310316, 126.760816
33.309808, 126.760985
33.309313, 126.761069
33.308769, 126.761233
33.308324, 126.761273
33.307300, 126.761018
33.307259, 126.761002
33.307225, 126.760976
33.307198, 126.760941
33.307178, 126.760896
33.307141, 126.760788
33.307045, 126.760182
33.306903, 126.759648
33.306859, 126.759353
33.306833, 126.759259
33.306786, 126.759192
33.306756, 126.759164
33.306738, 126.759154
33.306713, 126.759151
33.306681, 126.759156
33.306641, 126.759169
33.306213, 126.759329
33.305613, 126.759682
33.305443, 126.759754
33.305364, 126.759799
33.305294, 126.759864
33.305004, 126.760196
33.304935, 126.760261
33.304855, 126.760307
33.304676, 126.760383
33.304591, 126.760404
33.304505, 126.760392
33.304454, 126.760375
33.304399, 126.760344
33.304339, 126.760282
33.304237, 126.760159
33.304182, 126.760077
33.304143, 126.759982
33.304090, 126.759805
33.303898, 126.759496
33.303852, 126.759405
33.303822, 126.759305
33.303769, 126.759057
33.303693, 126.758863
33.303643, 126.758466
33.303632, 126.758416
33.303614, 126.758371
33.303588, 126.758333
33.303555, 126.758300
33.303496, 126.758252
33.303443, 126.758191
33.303406, 126.758103
33.303108, 126.757131
33.303071, 126.757045
33.303023, 126.756989
33.302995, 126.756969
33.302953, 126.756948
33.302880, 126.756927
33.302484, 126.756826
33.302403, 126.756792
33.302337, 126.756735
33.302308, 126.756700
33.302276, 126.756650
33.302240, 126.756569
33.302145, 126.756327
33.302098, 126.756238
33.302034, 126.756167
33.301926, 126.756077
33.301578, 126.755929
33.301540, 126.755907
33.301511, 126.755876
33.301491, 126.755836
33.301480, 126.755787
33.301444, 126.755487
33.301274, 126.754798
33.301240, 126.754700
33.301190, 126.754613
33.301018, 126.754372
33.300854, 126.754222
33.300795, 126.754147
33.300760, 126.754053
33.300605, 126.753363
33.300590, 126.753316
33.300569, 126.753280
33.300541, 126.753255
33.300507, 126.753240
33.300470, 126.753231
33.300420, 126.753228
33.300344, 126.753240
33.300188, 126.753273
33.299806, 126.753502
33.298801, 126.753854
33.298145, 126.754197
33.297941, 126.754318
33.297900, 126.754336
33.297860, 126.754341
33.297821, 126.754333
33.297781, 126.754313
33.297690, 126.754252
33.297461, 126.754017
33.297402, 126.753939
33.297364, 126.753845
33.297332, 126.753729
33.297331, 126.753696
33.297358, 126.753495
33.297361, 126.753390
33.297340, 126.753288
33.297285, 126.753120
33.297245, 126.753032
33.297192, 126.752970
33.297162, 126.752946
33.297143, 126.752937
33.297118, 126.752935
33.297085, 126.752941
33.297045, 126.752953
33.296868, 126.753018
33.296620, 126.753154
33.296536, 126.753188
33.296448, 126.753201
33.296153, 126.753207
33.296065, 126.753196
33.295983, 126.753159
33.295803, 126.753048
33.295728, 126.752991
33.295663, 126.752919
33.295539, 126.752753
33.295473, 126.752686
33.295392, 126.752645
33.294959, 126.752511
33.294427, 126.752455
33.293940, 126.752287
33.293276, 126.752181
33.293188, 126.752180
33.293103, 126.752205
33.292801, 126.752342
33.292426, 126.752423
33.292189, 126.752565
33.292152, 126.752591
33.292123, 126.752621
33.292102, 126.752655
33.292088, 126.752693
33.292078, 126.752734
33.292078, 126.752790
33.292096, 126.752877
33.292148, 126.753072
33.292159, 126.753173
33.292137, 126.753272
33.292113, 126.753332
33.292078, 126.753395
33.292020, 126.753462
33.291689, 126.753799
33.291324, 126.754215
33.291249, 126.754265
33.291213, 126.754282
33.291178, 126.754283
33.291145, 126.754267
33.291114, 126.754235
33.291002, 126.754084
33.290756, 126.753572
33.289812, 126.751953
33.289753, 126.751876
33.289679, 126.751821
33.289590, 126.751774
33.288713, 126.751603
33.288501, 126.751487
33.288425, 126.751434
33.288358, 126.751364
33.287778, 126.750631
33.287449, 126.749888
33.287021, 126.749270
33.286990, 126.749233
33.286956, 126.749205
33.286917, 126.749187
33.286874, 126.749177
33.286367, 126.749124
33.286278, 126.749124
33.286191, 126.749144
33.285920, 126.749235
33.285758, 126.749262
33.285367, 126.749408
33.284966, 126.749414
33.284878, 126.749402
33.284796, 126.749364
33.284044, 126.748887
33.283488, 126.748672
33.283407, 126.748630
33.283333, 126.748571
33.283150, 126.748394
33.283067, 126.748326
33.282998, 126.748258
33.282940, 126.748177
33.282367, 126.747211
33.281903, 126.746693
33.281163, 126.745566
33.281102, 126.745488
33.281031, 126.745423
33.280534, 126.745039
33.280129, 126.744812
33.279932, 126.744748
33.279890, 126.744740
33.279849, 126.744743
33.279810, 126.744757
33.279773, 126.744783
33.279687, 126.744857
33.279651, 126.744879
33.279617, 126.744884
33.279584, 126.744872
33.279552, 126.744842
33.279513, 126.744792
33.279463, 126.744743
33.279393, 126.744694
33.279275, 126.744623
33.279197, 126.744544
33.279167, 126.744509
33.279147, 126.744474
33.279135, 126.744439
33.279132, 126.744404
33.279134, 126.744369
33.279133, 126.744351
33.279128, 126.744333
33.279120, 126.744316
33.279108, 126.744299
33.279094, 126.744281
33.279093, 126.744272
33.279102, 126.744261
33.279121, 126.744248
33.279150, 126.744234
33.279185, 126.744219
33.279222, 126.744184
33.279262, 126.744109
33.279295, 126.744034
33.279307, 126.743995
33.279310, 126.743953
33.279304, 126.743908
33.279290, 126.743861
33.278932, 126.742946
33.278902, 126.742851
33.278888, 126.742759
33.278885, 126.742713
33.278890, 126.742654
33.278911, 126.742566
33.278928, 126.742507
33.278941, 126.742436
33.278945, 126.742341
33.278944, 126.741955
33.278997, 126.741326
33.278963, 126.740872
33.278999, 126.740399
33.278926, 126.739883
33.278886, 126.739652
33.278877, 126.739547
33.278887, 126.739442
33.278909, 126.739324
33.278923, 126.739279
33.278945, 126.739250
33.278975, 126.739236
33.279013, 126.739236
33.279096, 126.739254
33.279743, 126.739572
33.280135, 126.739679
33.280674, 126.739683
33.281210, 126.739762
33.281251, 126.739764
33.281286, 126.739756
33.281314, 126.739737
33.281336, 126.739709
33.281354, 126.739676
33.281368, 126.739624
33.281373, 126.739535
33.281374, 126.739480
33.281365, 126.739425
33.281337, 126.739367
33.281300, 126.739309
33.281040, 126.739080
33.280964, 126.739028
33.280879, 126.739000
33.280611, 126.738955
33.280525, 126.738930
33.280445, 126.738885
33.280310, 126.738790
33.280241, 126.738729
33.280189, 126.738653
33.280168, 126.738613
33.280152, 126.738555
33.280146, 126.738464
33.280145, 126.738231
33.280146, 126.738011
33.280144, 126.737878
33.280145, 126.737830
33.280150, 126.737791
33.280157, 126.737763
33.280168, 126.737745
33.280181, 126.737732
33.280203, 126.737718
33.280243, 126.737702
33.280267, 126.737693
33.280277, 126.737683
33.280280, 126.737660
33.280278, 126.737626
33.280270, 126.737580
33.280220, 126.737347
33.280219, 126.737235
33.280220, 126.737166
33.280218, 126.737076
33.280231, 126.736988
33.280272, 126.736902
33.280361, 126.736771
33.280574, 126.736548
33.280635, 126.736471
33.280683, 126.736381
33.280726, 126.736281
33.280775, 126.736192
33.280838, 126.736118
33.281161, 126.735812
33.281460, 126.735376
33.281635, 126.734949
33.281880, 126.733679
33.281881, 126.733608
33.281844, 126.733233
33.281825, 126.733130
33.281788, 126.733034
33.281734, 126.732922
33.281683, 126.732835
33.281620, 126.732759
33.281392, 126.732522
33.280285, 126.731852
33.279938, 126.731542
33.279513, 126.731095
33.279453, 126.731017
33.279410, 126.730925
33.279293, 126.730603
33.279249, 126.730252
33.279245, 126.730146
33.279257, 126.730041
33.279507, 126.728810
33.279521, 126.728705
33.279521, 126.728598
33.279498, 126.728286
33.279436, 126.727691
33.279494, 126.727157
33.279598, 126.726511
33.279601, 126.726316
33.279556, 126.726001
33.279354, 126.725047
33.279207, 126.724414
33.279206, 126.724364
33.279208, 126.724102
33.279083, 126.723614
33.278925, 126.723297
33.278870, 126.723217
33.278797, 126.723160
33.278751, 126.723134
33.278701, 126.723096
33.278643, 126.723031
33.278444, 126.722779
33.278157, 126.722578
33.277870, 126.722198
33.277717, 126.721814
33.277688, 126.721714
33.277679, 126.721609
33.277680, 126.721431
33.277669, 126.721244
33.277670, 126.721138
33.277685, 126.721033
33.277898, 126.720051
33.277897, 126.719961
33.277909, 126.719872
33.277952, 126.719787
33.278227, 126.719387
33.278274, 126.719306
33.278300, 126.719229
33.278308, 126.719191
33.278309, 126.719146
33.278298, 126.719088
33.278280, 126.719024