33.241251, 126.547909
33.241264, 126.547920
33.241240, 126.548094
33.241164, 126.548269
33.241157, 126.548352
33.241191, 126.548539
33.241144, 126.548664
33.240868, 126.548907
33.240577, 126.548953
33.240548, 126.548978
33.240516, 126.548957
33.240371, 126.548833
33.240298, 126.548727
33.240267, 126.548493
33.240213, 126.548406
33.240155, 126.548402
33.239893, 126.548788
33.239857, 126.548759
33.239938, 126.548689
33.239969, 126.548596
33.240004, 126.548480
33.240044, 126.548310
33.239926, 126.548066
33.239330, 126.547525
33.239065, 126.547532
33.238572, 126.547494
33.238352, 126.547588
33.238294, 126.547630
33.238286, 126.547624
33.238356, 126.547570
33.238624, 126.547309
33.238978, 126.546512
33.238988, 126.546548
33.238993, 126.546684
33.239031, 126.546712
33.239133, 126.546670
33.239285, 126.546706
33.239408, 126.546717
33.239467, 126.546748
33.239605, 126.546915
33.239705, 126.546991
33.239874, 126.546987
33.240008, 126.546891
33.240238, 126.546379
33.240204, 126.546160
33.239949, 126.545813
33.239818, 126.545559
33.239791, 126.545541
33.239802, 126.545537
33.239852, 126.545501
33.240186, 126.544984
33.240253, 126.544858
33.240252, 126.544674
33.239981, 126.544155
33.239852, 126.544027
33.239675, 126.543948
33.239409, 126.543718
33.239075, 126.543578
33.239024, 126.543500
33.239035, 126.543435
33.239085, 126.543352
33.239179, 126.543319
33.239464, 126.543224
33.240097, 126.542852
33.240424, 126.542365
33.240406, 126.542049
33.240408, 126.541932
33.240479, 126.541881
33.240712, 126.541876
33.240901, 126.541737
33.241303, 126.541407
33.241627, 126.540941
33.241761, 126.540672
33.241791, 126.540239
33.241733, 126.539875
33.241814, 126.539677
33.241913, 126.539603
33.242019, 126.539539
33.242052, 126.539388
33.241940, 126.539043
33.241825, 126.538754
33.241834, 126.538296
33.241589, 126.537821
33.241135, 126.536611
33.240908, 126.536062
33.240829, 126.535738
33.240230, 126.534805
33.240025, 126.534535
33.239760, 126.533521
33.239631, 126.533390
33.239597, 126.533275
33.239619, 126.532427
33.239752, 126.532077
33.240257, 126.531346
33.240627, 126.531174
33.240886, 126.531231
33.242008, 126.531591
33.242547, 126.532053
33.242960, 126.532491
33.243243, 126.532696
33.243492, 126.532824
33.244157, 126.532901
33.244221, 126.532836
33.244423, 126.531292
33.244670, 126.530210
33.244590, 126.530086
33.243228, 126.529649
33.241816, 126.529265
33.241136, 126.528804
33.241113, 126.528611
33.241086, 126.528197
33.240985, 126.527908
33.241059, 126.527109
33.240960, 126.526671
33.240823, 126.526528
33.240613, 126.526443
33.240579, 126.526327
33.240664, 126.526060
33.240728, 126.525901
33.240800, 126.524951
33.241107, 126.523087
33.241208, 126.522936
33.241236, 126.522860
33.241260, 126.522525
33.241306, 126.522413
33.241469, 126.522325
33.241515, 126.522269
33.241485, 126.521759
33.241643, 126.521366
33.241640, 126.521218
33.241451, 126.520382
33.241456, 126.520276
33.241411, 126.520202
33.241138, 126.520146
33.241055, 126.520098
33.241046, 126.520016
33.240985, 126.519929
33.240034, 126.519182
33.239949, 126.519163
33.239569, 126.519416
33.239333, 126.519477
33.238967, 126.519308
33.238875, 126.519208
33.238708, 126.518694
33.238087, 126.518170
33.237423, 126.518100
33.237407, 126.518063
33.237421, 126.517934
33.237248, 126.517443
33.237209, 126.517270
33.237251, 126.517075
33.237247, 126.516847
33.237273, 126.516766
33.237502, 126.516625
33.237644, 126.516440
33.237664, 126.516362
33.237601, 126.516150
33.237148, 126.515427
33.236676, 126.515213
33.236041, 126.515132
33.235472, 126.514931
33.235360, 126.514869
33.235219, 126.514595
33.235154, 126.514246
33.234664, 126.513768
33.234228, 126.513688
33.233994, 126.513581
33.233928, 126.513474
33.233915, 126.513321
33.233837, 126.513149
33.233282, 126.512781
33.232968, 126.512430
33.232938, 126.512075
33.232987, 126.511777
33.233045, 126.511641
33.233006, 126.511617
33.232866, 126.511574
33.232446, 126.510757
33.230795, 126.508077
33.230877, 126.507416
33.230909, 126.506277
33.231199, 126.505668
33.231289, 126.504699
33.231234, 126.504476
33.231108, 126.504400
33.231033, 126.504323
33.230963, 126.504132
33.230975, 126.503984
33.231068, 126.503658
33.231024, 126.503508
33.230961, 126.503323
33.231119, 126.503171
33.231386, 126.502762
33.231561, 126.502590
33.231615, 126.502502
33.231651, 126.502027
33.231312, 126.500793
33.231346, 126.500561
33.231571, 126.500242
33.231671, 126.500216
33.231735, 126.500210
33.231770, 126.500113
33.231778, 126.499904
33.231813, 126.499814
33.232111, 126.499602
33.232741, 126.498813
33.233160, 126.498061
33.233195, 126.497748
33.233166, 126.497061
33.232985, 126.496355
33.232975, 126.496180
33.232912, 126.496085
33.232762, 126.495977
33.232713, 126.495949
33.232755, 126.495898
33.232743, 126.495833
33.232609, 126.495644
33.232270, 126.495414
33.232245, 126.495392
33.232256, 126.495378
33.232222, 126.495280
33.232314, 126.494826
33.232309, 126.494685
33.232277, 126.494630
33.231834, 126.494601
33.231754, 126.494538
33.231752, 126.494209
33.231775, 126.494080
33.232041, 126.493787
33.232212, 126.493689
33.232667, 126.492889
33.232612, 126.492141
33.232617, 126.492000
33.232690, 126.491882
33.233019, 126.491686
33.233072, 126.491666
33.233078, 126.491664
33.233077, 126.491605
33.233015, 126.491058
33.233065, 126.490562
33.233056, 126.490488
33.233022, 126.490492
33.232870, 126.490617
33.232797, 126.490666
33.232758, 126.490777
33.232738, 126.490821
33.232700, 126.490826
33.232582, 126.490753
33.232400, 126.490469
33.232267, 126.490296
33.232196, 126.490286
33.232117, 126.490390
33.232065, 126.490553
33.232029, 126.490560
33.231813, 126.490363
33.231778, 126.490310
33.231786, 126.490214
33.232025, 126.489744
33.232226, 126.489623
33.232288, 126.489547
33.232292, 126.489176
33.232453, 126.488560
33.232461, 126.488410
33.232549, 126.488147
33.233387, 126.487011
33.233665, 126.485372
33.233777, 126.484314
33.233653, 126.483389
33.233446, 126.482930
33.233364, 126.482783
33.233084, 126.482557
33.232809, 126.482423
33.232757, 126.482308
33.232855, 126.481596
33.232836, 126.481463
33.232735, 126.481371
33.232472, 126.481278
33.232385, 126.481324
33.232122, 126.482092
33.231992, 126.482278
33.231810, 126.482759
33.231675, 126.482927
33.231305, 126.482880
33.230888, 126.482731
33.229650, 126.483391
33.229432, 126.483372
33.229060, 126.483485
33.228950, 126.483576
33.228802, 126.483680
33.228700, 126.483761
33.228662, 126.483757
33.228677, 126.483716
33.228754, 126.483624
33.229251, 126.483365
33.229389, 126.483293
33.229417, 126.483151
33.229276, 126.482617
33.228717, 126.480305
33.228465, 126.479509
33.228460, 126.479216
33.228565, 126.478816
33.228599, 126.478656
33.228458, 126.477704
33.228492, 126.477252
33.228607, 126.476842
33.228490, 126.475995
33.228136, 126.475435
33.227609, 126.475066
33.227204, 126.474804
33.226864, 126.474229
33.226836, 126.474099
33.226811, 126.473697
33.226725, 126.473229
33.226740, 126.472729
33.226363, 126.471427
33.226369, 126.471345
33.226417, 126.471055
33.227208, 126.469977
33.227433, 126.469802
33.227618, 126.469736
33.228217, 126.469206
33.228593, 126.468825
33.230448, 126.466862
33.231482, 126.464541
33.231799, 126.463490
33.232174, 126.462808
33.232492, 126.462679
33.232821, 126.462814
33.233496, 126.463387
33.234087, 126.463558
33.234202, 126.463567
33.234327, 126.463464
33.234357, 126.463402
33.234332, 126.463361
33.234300, 126.463332
33.234252, 126.463334