33.234340, 126.463344
33.234301, 126.463336
33.234290, 126.463334
33.234294, 126.463336
33.234315, 126.463342
33.234351, 126.463351
33.234439, 126.463373
33.234478, 126.463378
33.234507, 126.463370
33.234527, 126.463350
33.234538, 126.463316
33.234543, 126.463277
33.234542, 126.463256
33.234533, 126.463234
33.234515, 126.463210
33.234490, 126.463184
33.234430, 126.463130
33.234229, 126.463046
33.234197, 126.463033
33.234185, 126.463032
33.234194, 126.463042
33.234223, 126.463063
33.234465, 126.463225
33.234546, 126.463260
33.234632, 126.463260
33.235081, 126.463171
33.235170, 126.463163
33.235259, 126.463173
33.235502, 126.463226
33.235590, 126.463234
33.235678, 126.463220
33.235885, 126.463162
33.235969, 126.463155
33.236046, 126.463180
33.236083, 126.463201
33.236124, 126.463238
33.236176, 126.463305
33.236267, 126.463437
33.236327, 126.463501
33.236392, 126.463528
33.236426, 126.463532
33.236473, 126.463525
33.236545, 126.463499
33.236683, 126.463439
33.236735, 126.463421
33.236760, 126.463407
33.236779, 126.463381
33.236795, 126.463345
33.236807, 126.463298
33.236818, 126.463234
33.236822, 126.463160
33.236811, 126.463065
33.236798, 126.462993
33.236794, 126.462914
33.236807, 126.462818
33.236824, 126.462740
33.236835, 126.462704
33.236853, 126.462673
33.236877, 126.462648
33.236907, 126.462628
33.236973, 126.462593
33.237593, 126.462353
33.237673, 126.462309
33.237743, 126.462245
33.237951, 126.462008
33.238194, 126.461549
33.238248, 126.461465
33.238315, 126.461395
33.238368, 126.461350
33.238393, 126.461331
33.238418, 126.461318
33.238442, 126.461313
33.238464, 126.461314
33.238486, 126.461318
33.238523, 126.461314
33.238593, 126.461291
33.238943, 126.461158
33.239262, 126.460889
33.239327, 126.460818
33.239378, 126.460732
33.239677, 126.460073
33.239709, 126.459975
33.239720, 126.459871
33.239720, 126.459777
33.239728, 126.459681
33.239754, 126.459583
33.239804, 126.459438
33.239883, 126.459263
33.239972, 126.458995
33.240015, 126.458903
33.240076, 126.458829
33.240208, 126.458709
33.240317, 126.458535
33.240377, 126.458457
33.240448, 126.458394
33.240910, 126.458064
33.241009, 126.457980
33.241046, 126.457954
33.241083, 126.457939
33.241120, 126.457935
33.241158, 126.457941
33.241195, 126.457952
33.241230, 126.457969
33.241260, 126.457997
33.241273, 126.458014
33.241277, 126.458027
33.241273, 126.458050
33.241262, 126.458082
33.241244, 126.458125
33.241125, 126.458387
33.241096, 126.458485
33.241093, 126.458589
33.241112, 126.458781
33.241246, 126.459576
33.241251, 126.459680
33.241231, 126.459782
33.241160, 126.460004
33.241142, 126.460105
33.241152, 126.460208
33.241237, 126.460586
33.241269, 126.460676
33.241319, 126.460736
33.241349, 126.460759
33.241365, 126.460768
33.241383, 126.460770
33.241403, 126.460767
33.241425, 126.460758
33.241449, 126.460746
33.241480, 126.460716
33.241528, 126.460650
33.241668, 126.460435
33.241803, 126.460322
33.241880, 126.460270
33.241965, 126.460239
33.242269, 126.460166
33.242357, 126.460157
33.242444, 126.460171
33.242722, 126.460251
33.243181, 126.460436
33.243222, 126.460446
33.243259, 126.460441
33.243293, 126.460421
33.243323, 126.460387
33.243361, 126.460330
33.243378, 126.460309
33.243388, 126.460305
33.243393, 126.460317
33.243392, 126.460344
33.243388, 126.460379
33.243376, 126.460416
33.243348, 126.460454
33.243329, 126.460474
33.243324, 126.460477
33.243327, 126.460465
33.243336, 126.460439
33.243354, 126.460399
33.243440, 126.460208
33.243520, 126.459724
33.243520, 126.459623
33.243594, 126.459235
33.243595, 126.459111
33.243510, 126.458809
33.243560, 126.458685
33.243694, 126.458007
33.243854, 126.457423
33.243881, 126.457207
33.243884, 126.457102
33.243868, 126.456998
33.243649, 126.456146
33.243637, 126.456044
33.243656, 126.455944
33.243726, 126.455740
33.243912, 126.455427
33.243956, 126.455335
33.243985, 126.455235
33.244017, 126.455074
33.244049, 126.454703
33.244047, 126.454598
33.244022, 126.454498
33.243995, 126.454426
33.243955, 126.454359
33.243889, 126.454303
33.243756, 126.454219
33.243685, 126.454158
33.243630, 126.454077
33.243549, 126.453916
33.243316, 126.453202
33.243218, 126.452444
33.243062, 126.451427
33.243063, 126.451226
33.242984, 126.450834
33.242972, 126.450741
33.242979, 126.450671
33.242986, 126.450642
33.242995, 126.450627
33.243013, 126.450611
33.243042, 126.450595
33.243079, 126.450578
33.243150, 126.450550
33.243176, 126.450536
33.243182, 126.450523
33.243167, 126.450510
33.243134, 126.450497
33.243078, 126.450482
33.243028, 126.450454
33.242986, 126.450402
33.242949, 126.450337
33.242901, 126.450170
33.242864, 126.450089
33.242835, 126.450001
33.242820, 126.449900
33.242664, 126.447388
33.242665, 126.447202
33.242663, 126.447154
33.242658, 126.447115
33.242649, 126.447087
33.242637, 126.447069
33.242623, 126.447056
33.242590, 126.447043
33.242519, 126.447030
33.242422, 126.447015
33.242333, 126.447011
33.242245, 126.447025
33.242039, 126.447079
33.241956, 126.447114
33.241883, 126.447173
33.241845, 126.447212
33.241796, 126.447251
33.241723, 126.447290
33.241538, 126.447376
33.241462, 126.447449
33.241397, 126.447522
33.241344, 126.447608
33.241228, 126.447833
33.241174, 126.447917
33.241106, 126.447984
33.240986, 126.448079
33.240919, 126.448147
33.240867, 126.448232
33.240778, 126.448421
33.240740, 126.448518
33.240716, 126.448620
33.240705, 126.448689
33.240700, 126.448768
33.240710, 126.448864
33.240723, 126.448953
33.240725, 126.448995
33.240715, 126.449032
33.240695, 126.449065
33.240664, 126.449093
33.240628, 126.449118
33.240606, 126.449128
33.240579, 126.449131
33.240545, 126.449127
33.240504, 126.449117
33.240453, 126.449101
33.240429, 126.449090
33.240407, 126.449072
33.240389, 126.449048
33.240373, 126.449017
33.240359, 126.448983
33.240348, 126.448954
33.240345, 126.448935
33.240345, 126.448921
33.240345, 126.448869
33.240336, 126.448806
33.240309, 126.448721
33.240291, 126.448672
33.240281, 126.448655
33.240266, 126.448654
33.240247, 126.448667
33.240224, 126.448695
33.240174, 126.448767
33.240151, 126.448820
33.240139, 126.448840
33.240122, 126.448845
33.240103, 126.448837
33.240080, 126.448815
33.240055, 126.448786
33.240036, 126.448754
33.240030, 126.448718
33.240029, 126.448679
33.240081, 126.448476
33.240090, 126.448428
33.240091, 126.448387
33.240085, 126.448353
33.240071, 126.448326
33.240052, 126.448302
33.240039, 126.448293
33.240017, 126.448291
33.239986, 126.448295
33.239947, 126.448305
33.239842, 126.448336
33.239803, 126.448341
33.239773, 126.448330
33.239752, 126.448301
33.239739, 126.448257
33.239715, 126.448090
33.239545, 126.447703
33.239430, 126.447119
33.239402, 126.447018
33.239360, 126.446924
33.239278, 126.446771
33.239242, 126.446700
33.239229, 126.446666
33.239229, 126.446658
33.239235, 126.446643
33.239254, 126.446612
33.239267, 126.446593
33.239294, 126.446570
33.239351, 126.446538
33.239387, 126.446520
33.239421, 126.446491
33.239453, 126.446438
33.239468, 126.446405
33.239470, 126.446387
33.239461, 126.446365
33.239441, 126.446340
33.239410, 126.446310
33.239329, 126.446240
33.239298, 126.446210
33.239275, 126.446183
33.239261, 126.446160
33.239257, 126.446141
33.239257, 126.446106
33.239257, 126.446081
33.239246, 126.446046
33.239214, 126.445987
33.239193, 126.445951
33.239179, 126.445936
33.239156, 126.445925
33.239127, 126.445919
33.239089, 126.445918
33.239048, 126.445918
33.239029, 126.445912
33.239014, 126.445892
33.239002, 126.445859
33.238995, 126.445813
33.238987, 126.445747
33.238979, 126.445716
33.238964, 126.445691
33.238941, 126.445670
33.238911, 126.445654
33.238877, 126.445640
33.238861, 126.445633
33.238851, 126.445626
33.238844, 126.445618
33.238842, 126.445611
33.238842, 126.445594
33.238842, 126.445576
33.238847, 126.445568
33.238860, 126.445561
33.238883, 126.445556
33.238915, 126.445553
33.238952, 126.445550
33.238985, 126.445551
33.239011, 126.445561
33.239022, 126.445568
33.239028, 126.445578
33.239033, 126.445600
33.239037, 126.445635
33.239041, 126.445682
33.239047, 126.445760
33.239053, 126.445791
33.239063, 126.445806
33.239077, 126.445805
33.239096, 126.445788
33.239118, 126.445763
33.239136, 126.445717
33.239145, 126.445630
33.239151, 126.445499
33.239145, 126.445395
33.239115, 126.445296
33.239077, 126.445210
33.239054, 126.445171
33.239026, 126.445142
33.238991, 126.445122
33.238949, 126.445112
33.238877, 126.445103
33.238844, 126.445095
33.238815, 126.445079
33.238792, 126.445057
33.238773, 126.445027
33.238757, 126.444994
33.238753, 126.444976
33.238755, 126.444952
33.238764, 126.444924
33.238780, 126.444892
33.238820, 126.444822
33.238861, 126.444772
33.238897, 126.444708
33.238925, 126.444617
33.238997, 126.444286
33.238998, 126.444179
33.238997, 126.444143
33.238997, 126.444031
33.238967, 126.443762
33.238947, 126.443663
33.238911, 126.443578
33.238890, 126.443539
33.238874, 126.443522
33.238851, 126.443508
33.238819, 126.443497
33.238778, 126.443490
33.238100, 126.443413
33.238057, 126.443403
33.238020, 126.443383
33.237987, 126.443353
33.237959, 126.443314
33.237738, 126.442930
33.237484, 126.442653
33.237423, 126.442575
33.237373, 126.442487
33.237340, 126.442418
33.237316, 126.442341
33.237307, 126.442248
33.237307, 126.442197
33.237316, 126.442134
33.237345, 126.442048
33.237400, 126.441911
33.237445, 126.441819
33.237502, 126.441738
33.237610, 126.441611
33.237678, 126.441544
33.237757, 126.441495
33.237907, 126.441423
33.238067, 126.441373
33.238149, 126.441335
33.238222, 126.441276
33.238705, 126.440782
33.238763, 126.440704
33.238800, 126.440610
33.238855, 126.440398
33.238945, 126.439462
33.238927, 126.439168
33.238933, 126.439064
33.238965, 126.438967
33.239049, 126.438793
33.239083, 126.438696
33.239095, 126.438592
33.239097, 126.438312
33.239035, 126.438042
33.239027, 126.437939
33.239048, 126.437839
33.239079, 126.437752
33.239097, 126.437660
33.239088, 126.437560
33.239024, 126.437261
33.238859, 126.436835
33.238837, 126.436792
33.238808, 126.436760
33.238773, 126.436739
33.238732, 126.436728
33.238466, 126.436701
33.238058, 126.436753
33.237891, 126.436723
33.237805, 126.436697
33.237725, 126.436650
33.237558, 126.436528
33.237191, 126.436315
33.237121, 126.436255
33.237074, 126.436170
33.236971, 126.435896
33.236792, 126.435339
33.236772, 126.435288
33.236758, 126.435228
33.236753, 126.435152
33.236753, 126.435110
33.236750, 126.435087
33.236740, 126.435064
33.236724, 126.435038
33.236701, 126.435011
33.236650, 126.434954
33.236099, 126.434634
33.235593, 126.434168
33.235535, 126.434093
33.235502, 126.433998
33.235382, 126.433350
33.235257, 126.432321
33.235234, 126.432220
33.235191, 126.432128
33.235155, 126.432069
33.235142, 126.432041
33.235140, 126.432015
33.235149, 126.431993
33.235168, 126.431973
33.235218, 126.431935
33.235245, 126.431919
33.235279, 126.431885
33.235325, 126.431815
33.235532, 126.431458
33.235586, 126.431382
33.235646, 126.431333
33.235709, 126.431296
33.235574, 126.431329
33.235633, 126.431315
33.235656, 126.431303
33.235667, 126.431281
33.235665, 126.431248
33.235651, 126.431206
33.235628, 126.431151
33.235610, 126.431105
33.235604, 126.431076
33.235604, 126.431065
33.235617, 126.431035
33.235655, 126.430966
33.235838, 126.430650
33.236265, 126.430207
33.236319, 126.430128
33.236344, 126.430030
33.236366, 126.429800
33.236299, 126.429132
33.236277, 126.429031
33.236233, 126.428941
33.235985, 126.428565
33.235937, 126.428476
33.235903, 126.428378
33.235888, 126.428316
33.235883, 126.428244
33.235900, 126.428152
33.235961, 126.427927
33.235982, 126.427835
33.235989, 126.427762
33.235989, 126.427731
33.236001, 126.427688
33.236038, 126.427623
33.236062, 126.427585
33.236100, 126.427554
33.236164, 126.427534
33.236240, 126.427522
33.236621, 126.427485
33.236708, 126.427465
33.236789, 126.427423
33.236906, 126.427343
33.237296, 126.426907
33.237468, 126.426748
33.237530, 126.426674
33.237574, 126.426583
33.237780, 126.425999
33.237785, 126.425963
33.237784, 126.425942
33.237775, 126.425914
33.237760, 126.425880
33.237737, 126.425840
33.237701, 126.425780
33.237653, 126.425728
33.237581, 126.425689
33.237540, 126.425674
33.237486, 126.425667
33.237410, 126.425678
33.237123, 126.425741
33.237080, 126.425746
33.237040, 126.425740
33.237004, 126.425725
33.236971, 126.425699
33.236907, 126.425638
33.236859, 126.425553
33.236840, 126.425518
33.236831, 126.425496
33.236833, 126.425488
33.236844, 126.425494
33.236878, 126.425520
33.236921, 126.425562
33.236945, 126.425578
33.236975, 126.425586
33.237010, 126.425584
33.237050, 126.425574
33.237126, 126.425549
33.237201, 126.425513
33.237272, 126.425455
33.237459, 126.425271
33.237515, 126.425194
33.237546, 126.425097
33.237560, 126.425012
33.237567, 126.424921
33.237559, 126.424820
33.237506, 126.424481
33.237502, 126.424376
33.237521, 126.424274
33.237537, 126.424223
33.237569, 126.424171
33.237631, 126.424118
33.237714, 126.424062
33.237795, 126.424022
33.237882, 126.424006
33.238289, 126.423992
33.238741, 126.423806
33.238941, 126.423791
33.239022, 126.423775
33.239087, 126.423740
33.239116, 126.423717
33.239129, 126.423701
33.239141, 126.423674
33.239151, 126.423637
33.239160, 126.423589
33.239240, 126.423072
33.239336, 126.422841
33.239353, 126.422788
33.239365, 126.422764
33.239382, 126.422743
33.239404, 126.422726
33.239432, 126.422712
33.239463, 126.422700
33.239501, 126.422671
33.239552, 126.422606
33.239785, 126.422273
33.240077, 126.422040
33.240447, 126.421556
33.240911, 126.421104
33.241029, 126.420970
33.241100, 126.420908
33.241182, 126.420873
33.241342, 126.420833
33.241425, 126.420800
33.241495, 126.420747
33.241528, 126.420715
33.241574, 126.420683
33.241646, 126.420650
33.241727, 126.420619
33.241803, 126.420581
33.241872, 126.420529
33.241904, 126.420499
33.241940, 126.420454
33.241983, 126.420378
33.242242, 126.419874
33.242296, 126.419791
33.242364, 126.419724
33.242434, 126.419671
33.242497, 126.419610
33.242549, 126.419535
33.242573, 126.419495
33.242587, 126.419479
33.242607, 126.419471
33.242633, 126.419473
33.242664, 126.419483
33.242697, 126.419498
33.242714, 126.419508
33.242728, 126.419524
33.242742, 126.419546
33.242754, 126.419573
33.242777, 126.419632
33.242796, 126.419827
33.242821, 126.419924
33.242877, 126.420001
33.243035, 126.420153
33.243408, 126.420342
33.243466, 126.420348
33.243496, 126.420346
33.243526, 126.420334
33.243557, 126.420312
33.243589, 126.420280
33.243825, 126.420008
33.244206, 126.419688
33.244369, 126.419467
33.244425, 126.419399
33.244475, 126.419355
33.244498, 126.419339
33.244538, 126.419324
33.244611, 126.419314
33.244713, 126.419304
33.244792, 126.419308
33.244852, 126.419340
33.244901, 126.419385
33.245439, 126.419611
33.245757, 126.419856
33.246174, 126.420055
33.246344, 126.420097
33.246428, 126.420129
33.246505, 126.420181
33.246765, 126.420408
33.246830, 126.420480
33.246878, 126.420568
33.246954, 126.420747
33.247100, 126.421215
33.247175, 126.421701
33.247170, 126.421806
33.247171, 126.421853
33.247176, 126.421890
33.247187, 126.421917
33.247203, 126.421934
33.247221, 126.421945
33.247232, 126.421949
33.247245, 126.421947
33.247261, 126.421940
33.247280, 126.421928
33.247301, 126.421913
33.247334, 126.421898
33.247394, 126.421882
33.247431, 126.421874
33.247449, 126.421866
33.247466, 126.421849
33.247482, 126.421824
33.247498, 126.421790
33.247513, 126.421751
33.247524, 126.421718
33.247528, 126.421696
33.247529, 126.421678
33.247484, 126.421490
33.247360, 126.421239
33.247276, 126.420929
33.247275, 126.420806
33.247285, 126.420702
33.247318, 126.420606
33.247374, 126.420491
33.247428, 126.420410
33.247501, 126.420353
33.247676, 126.420256
33.247760, 126.420220
33.247847, 126.420202
33.247922, 126.420193
33.247998, 126.420198
33.248079, 126.420229
33.248266, 126.420329
33.248415, 126.420471
33.248490, 126.420529
33.248571, 126.420571
33.248719, 126.420629
33.248800, 126.420672
33.248872, 126.420733
33.248989, 126.420853
33.249022, 126.420881
33.249051, 126.420896
33.249078, 126.420897
33.249101, 126.420884
33.249123, 126.420865
33.249145, 126.420825
33.249166, 126.420741
33.249324, 126.419958
33.249324, 126.419935
33.249305, 126.419118
33.249331, 126.418723
33.249331, 126.418626
33.249314, 126.418549
33.249289, 126.418483
33.249135, 126.418254
33.249047, 126.418120
33.248986, 126.418054
33.248917, 126.418023
33.248879, 126.418017
33.248833, 126.418028
33.248768, 126.418073
33.248666, 126.418159
33.248603, 126.418231
33.248560, 126.418321
33.248385, 126.418861
33.248344, 126.418954
33.248286, 126.419034
33.248232, 126.419092
33.248171, 126.419144
33.248094, 126.419185
33.247272, 126.419530
33.246989, 126.419617
33.246720, 126.419731
33.246250, 126.419843
33.245821, 126.419792
33.245016, 126.419471
33.244940, 126.419431
33.244884, 126.419380
33.244860, 126.419352
33.244843, 126.419327
33.244837, 126.419306
33.244837, 126.419298
33.244849, 126.419269
33.244888, 126.419201
33.244959, 126.419081
33.245024, 126.419015
33.245049, 126.418981
33.245057, 126.418947
33.245048, 126.418911
33.245024, 126.418875
33.244970, 126.418815
33.244921, 126.418745
33.244879, 126.418657
33.244807, 126.418474
33.244792, 126.418427
33.244785, 126.418386
33.244787, 126.418349
33.244797, 126.418316
33.244811, 126.418286
33.244819, 126.418274
33.244831, 126.418266
33.244845, 126.418263
33.244863, 126.418264
33.244902, 126.418272
33.244943, 126.418291
33.244965, 126.418295
33.244991, 126.418288
33.245020, 126.418270
33.245052, 126.418241
33.245102, 126.418190
33.245162, 126.418146
33.245240, 126.418117
33.245583, 126.418030
33.245671, 126.418019
33.245759, 126.418031
33.246049, 126.418109
33.246188, 126.418199
33.246222, 126.418218
33.246247, 126.418225
33.246262, 126.418220
33.246268, 126.418201
33.246268, 126.418177
33.246263, 126.418163
33.246248, 126.418145
33.246224, 126.418124
33.246190, 126.418100
33.245961, 126.417948
33.245634, 126.417864
33.245522, 126.417876
33.245434, 126.417873
33.245349, 126.417846
33.244844, 126.417601
33.244805, 126.417586
33.244770, 126.417580
33.244741, 126.417584
33.244715, 126.417597
33.244693, 126.417615
33.244662, 126.417650
33.244617, 126.417720
33.244579, 126.417782
33.244529, 126.417839
33.244457, 126.417884
33.244140, 126.418030
33.244055, 126.418056
33.243967, 126.418059
33.243781, 126.418037
33.243699, 126.418009
33.243634, 126.417945
33.243592, 126.417884
33.243557, 126.417812
33.243536, 126.417717
33.243492, 126.417386
33.243489, 126.417032
33.243528, 126.416747
33.243550, 126.416644
33.243588, 126.416549
33.243611, 126.416503
33.243627, 126.416483
33.243651, 126.416467
33.243684, 126.416457
33.243724, 126.416452
33.243809, 126.416448
33.243848, 126.416441
33.243880, 126.416426
33.243906, 126.416403
33.243926, 126.416371
33.243943, 126.416335
33.243956, 126.416294
33.243961, 126.416244
33.243961, 126.416217
33.243951, 126.416174
33.243919, 126.416098
33.243897, 126.416052
33.243860, 126.416008
33.243791, 126.415968
33.243613, 126.415887
33.243575, 126.415864
33.243545, 126.415832
33.243524, 126.415792
33.243510, 126.415744
33.243497, 126.415668
33.243493, 126.415585
33.243511, 126.415489
33.243558, 126.415314
33.243573, 126.415215
33.243565, 126.415124
33.243555, 126.415079
33.243556, 126.415058
33.243569, 126.415037
33.243593, 126.415018
33.243630, 126.414999
33.243770, 126.414940
33.243808, 126.414918
33.243837, 126.414887
33.243858, 126.414847
33.243870, 126.414798
33.243882, 126.414706
33.243900, 126.414629
33.243928, 126.414583
33.243945, 126.414567
33.243952, 126.414559
33.243955, 126.414551
33.243957, 126.414544
33.243955, 126.414537
33.243951, 126.414530
33.243954, 126.414522
33.243966, 126.414506
33.243986, 126.414482
33.244015, 126.414450
33.244249, 126.414196
33.244307, 126.414117
33.244348, 126.414023
33.244455, 126.413689
33.244498, 126.413601
33.244565, 126.413536
33.244713, 126.413436
33.244793, 126.413394
33.244876, 126.413376
33.244919, 126.413373
33.244962, 126.413357
33.245003, 126.413317
33.245023, 126.413290
33.245039, 126.413257
33.245044, 126.413211
33.245044, 126.413158
33.245043, 126.413078
33.245195, 126.412069
33.245219, 126.411967
33.245260, 126.411873
33.245406, 126.411604
33.245443, 126.411513
33.245455, 126.411422
33.245455, 126.411330
33.245325, 126.410694
33.245276, 126.410463
33.245275, 126.410412
33.245276, 126.410220
33.245185, 126.409792
33.245185, 126.409753
33.245126, 126.409354
33.245093, 126.409168
33.245084, 126.409063
33.245094, 126.408958
33.245131, 126.408760
33.245130, 126.408712
33.245134, 126.408687
33.245145, 126.408662
33.245166, 126.408637
33.245194, 126.408611
33.245227, 126.408585
33.245241, 126.408570
33.245251, 126.408550
33.245257, 126.408525
33.245259, 126.408495
33.245259, 126.408463
33.245249, 126.408415
33.245218, 126.408335
33.245175, 126.408232
33.245144, 126.408133
33.245135, 126.408029
33.245135, 126.407929
33.245121, 126.407835
33.245076, 126.407751
33.244841, 126.407442
33.244609, 126.407026
33.244444, 126.406846
33.244185, 126.406665
33.244112, 126.406604
33.244048, 126.406530
33.243912, 126.406342
33.243860, 126.406256
33.243822, 126.406160
33.243694, 126.405732
33.243614, 126.405413
33.243577, 126.405284
33.243559, 126.405181
33.243564, 126.405076
33.243610, 126.404802
33.243700, 126.404548
33.243726, 126.404453
33.243735, 126.404366
33.243735, 126.404324
33.243746, 126.404269
33.243778, 126.404188
33.243833, 126.404068
33.243868, 126.403971
33.243886, 126.403867
33.243907, 126.403657
33.243902, 126.403393
33.243794, 126.402944
33.243760, 126.402846
33.243708, 126.402761
33.243405, 126.402370
33.243379, 126.402332
33.243360, 126.402296
33.243351, 126.402263
33.243349, 126.402233
33.243351, 126.402203
33.243347, 126.402187
33.243334, 126.402167
33.243311, 126.402144
33.243278, 126.402116
33.242952, 126.401869
33.242576, 126.401688
33.242266, 126.401603
33.242186, 126.401564
33.242121, 126.401496
33.241930, 126.401217
33.241833, 126.401092
33.241781, 126.401007
33.241747, 126.400909
33.241690, 126.400673
33.241676, 126.400581
33.241682, 126.400512
33.241691, 126.400483
33.241715, 126.400450
33.241770, 126.400407
33.241805, 126.400383
33.241835, 126.400366
33.241856, 126.400361
33.241864, 126.400361
33.241863, 126.400363
33.241851, 126.400366
33.241829, 126.400372
33.241796, 126.400380
33.241757, 126.400389
33.241737, 126.400389
33.241714, 126.400378
33.241687, 126.400358
33.241658, 126.400328
33.241628, 126.400294
33.241599, 126.400242
33.241573, 126.400155
33.241530, 126.399970
33.241518, 126.399879
33.241529, 126.399812
33.241540, 126.399785
33.241564, 126.399755
33.241612, 126.399720
33.241642, 126.399701
33.241653, 126.399686
33.241658, 126.399661
33.241655, 126.399625
33.241646, 126.399579
33.241522, 126.399086
33.241522, 126.399055
33.241415, 126.398317
33.241406, 126.398211
33.241412, 126.398105
33.241451, 126.397778
33.241453, 126.397566
33.241373, 126.397177
33.241344, 126.397076
33.241299, 126.396985
33.241052, 126.396568
33.240991, 126.396495
33.240914, 126.396449
33.240673, 126.396359
33.240595, 126.396314
33.240533, 126.396241
33.240354, 126.395954
33.239970, 126.395441
33.239735, 126.394958
33.239682, 126.394874
33.239614, 126.394807
33.239276, 126.394553
33.239207, 126.394487
33.239153, 126.394403
33.239115, 126.394328
33.239085, 126.394245
33.239070, 126.394146
33.239052, 126.393868
33.239086, 126.393612
33.239091, 126.393506
33.239081, 126.393401
33.239006, 126.392994
33.238882, 126.392513
33.238757, 126.391934
33.238727, 126.391833
33.238685, 126.391740
33.238577, 126.391545
33.238016, 126.390786
33.237589, 126.389993
33.237530, 126.389797
33.237490, 126.389707
33.237432, 126.389638
33.237363, 126.389580
33.236833, 126.389061
33.236471, 126.388427
33.236337, 126.388206
33.236293, 126.388114
33.236266, 126.388014
33.236237, 126.387851
33.236029, 126.387306
33.235736, 126.386833
33.235618, 126.386662
33.235569, 126.386574
33.235535, 126.386476
33.235485, 126.386278
33.235451, 126.386180
33.235402, 126.386092
33.235122, 126.385686
33.234748, 126.385087
33.234688, 126.385010
33.234616, 126.384949
33.234360, 126.384778
33.234091, 126.384636
33.234014, 126.384584
33.233949, 126.384512
33.233797, 126.384304
33.233731, 126.384222
33.233681, 126.384138
33.233659, 126.384038
33.233652, 126.383955
33.233658, 126.383870
33.233690, 126.383779
33.233893, 126.383350
33.233963, 126.383024
33.233996, 126.382927
33.234048, 126.382842
33.234230, 126.382615
33.234286, 126.382532
33.234329, 126.382439
33.234443, 126.382138
33.234471, 126.382052
33.234480, 126.381992
33.234481, 126.381944
33.234480, 126.381904
33.234487, 126.381848
33.234510, 126.381762
33.234558, 126.381596
33.234626, 126.381462
33.234666, 126.381367
33.234691, 126.381265
33.234758, 126.380888
33.234759, 126.380824
33.234723, 126.380379
33.234722, 126.380273
33.234734, 126.380167
33.234796, 126.379840
33.234797, 126.379689
33.234787, 126.379584
33.234758, 126.379484
33.234553, 126.378969
33.234387, 126.378641
33.234198, 126.378379
33.234133, 126.378307
33.234057, 126.378253
33.233737, 126.378081
33.233665, 126.378024
33.233615, 126.377940
33.233542, 126.377764
33.233512, 126.377686
33.233502, 126.377645
33.233502, 126.377623
33.233647, 126.376877
33.233776, 126.376494
33.233828, 126.376210
33.233860, 126.376114
33.233918, 126.376039
33.234054, 126.375913
33.234085, 126.375878
33.234107, 126.375837
33.234121, 126.375791
33.234125, 126.375740
33.234126, 126.375636
33.234114, 126.375536
33.234079, 126.375441
33.234008, 126.375305
33.233754, 126.375004
33.233549, 126.374865
33.233481, 126.374801
33.233432, 126.374716
33.233288, 126.374364
33.233220, 126.374248
33.233176, 126.374156
33.233146, 126.374056
33.232951, 126.373152
33.232832, 126.372836
33.232804, 126.372752
33.232794, 126.372698
33.232794, 126.372658
33.232794, 126.372583
33.232783, 126.372503
33.232748, 126.372415
33.232574, 126.372074
33.232452, 126.371917
33.232398, 126.371833
33.232361, 126.371737
33.232297, 126.371522
33.232274, 126.371442
33.232267, 126.371403
33.232267, 126.371395
33.232260, 126.371363
33.232239, 126.371284
33.232080, 126.370700
33.231839, 126.370301
33.231795, 126.370209
33.231770, 126.370108
33.231740, 126.369903
33.231741, 126.369673
33.231687, 126.369425
33.231680, 126.369374
33.231681, 126.369325
33.231691, 126.369279
33.231710, 126.369235
33.231733, 126.369192
33.231771, 126.369150
33.231840, 126.369111
33.231924, 126.369072
33.232024, 126.369057
33.232107, 126.369029
33.232180, 126.368972
33.232514, 126.368616
33.232796, 126.368418
33.232864, 126.368353
33.232916, 126.368269
33.232963, 126.368166
33.232980, 126.368121
33.232985, 126.368083
33.232980, 126.368050
33.232965, 126.368022
33.232923, 126.367973
33.232605, 126.367762
33.232092, 126.367285
33.232032, 126.367210
33.231993, 126.367117
33.231965, 126.367018
33.231945, 126.366917
33.231938, 126.366812
33.231938, 126.366701
33.232030, 126.365910
33.232051, 126.365807
33.232089, 126.365711
33.232304, 126.365285
33.232410, 126.365147
33.232460, 126.365061
33.232489, 126.364963
33.232502, 126.364886
33.232528, 126.364809
33.232577, 126.364731
33.232706, 126.364564
33.232969, 126.364289
33.233042, 126.364231
33.233125, 126.364197
33.233711, 126.364051
33.233927, 126.363956
33.233966, 126.363934
33.233998, 126.363903
33.234024, 126.363865
33.234043, 126.363818
33.234128, 126.363537
33.234169, 126.363445
33.234229, 126.363368
33.234339, 126.363260
33.234459, 126.363195
33.234535, 126.363141
33.234596, 126.363066
33.234643, 126.362993
33.234700, 126.362930
33.234775, 126.362886
33.235117, 126.362748
33.235203, 126.362723
33.235292, 126.362719
33.235371, 126.362724
33.235450, 126.362742
33.235528, 126.362784
33.235586, 126.362826
33.235641, 126.362881
33.235687, 126.362962
33.235720, 126.363034
33.235741, 126.363107
33.235738, 126.363180
33.235731, 126.363217
33.235724, 126.363246
33.235718, 126.363262
33.235715, 126.363266
33.235717, 126.363262
33.235724, 126.363246
33.235737, 126.363218
33.235756, 126.363177
33.235835, 126.363009
33.236076, 126.362606
33.236235, 126.362059
33.236252, 126.362013
33.236274, 126.361976
33.236301, 126.361947
33.236334, 126.361928
33.236368, 126.361913
33.236414, 126.361911
33.236481, 126.361934
33.236520, 126.361952
33.236565, 126.361985
33.236624, 126.362045
33.236822, 126.362271
33.236887, 126.362334
33.236954, 126.362373
33.236988, 126.362387
33.237007, 126.362388
33.237030, 126.362378
33.237056, 126.362357
33.237086, 126.362324
33.237120, 126.362283
33.237152, 126.362226
33.237181, 126.362139
33.237285, 126.361752