33.236014, 126.362753
33.236192, 126.362082
33.236262, 126.361927
33.236299, 126.361891
33.236346, 126.361890
33.236414, 126.361912
33.236514, 126.361999
33.236873, 126.362403
33.236960, 126.362452
33.236998, 126.362443
33.237056, 126.362394
33.237150, 126.362281
33.237312, 126.361693
33.237318, 126.361589
33.237295, 126.361541
33.237247, 126.361512
33.237233, 126.361499
33.237242, 126.361487
33.237258, 126.361480
33.237262, 126.361492
33.237261, 126.361521
33.237240, 126.361519
33.237181, 126.361485
33.236893, 126.361234
33.236789, 126.361073
33.236765, 126.361003
33.236779, 126.360935
33.236943, 126.360617
33.236991, 126.360419
33.236980, 126.360155
33.236864, 126.359920
33.236658, 126.359625
33.236641, 126.359560
33.236657, 126.359528
33.236704, 126.359467
33.236883, 126.359274
33.237061, 126.359204
33.237201, 126.359090
33.237347, 126.358880
33.237661, 126.358732
33.237810, 126.358621
33.237982, 126.358442
33.238175, 126.358383
33.238866, 126.358269
33.239035, 126.358321
33.239126, 126.358358
33.239398, 126.358355
33.239569, 126.358306
33.240035, 126.358058
33.240426, 126.357547
33.240565, 126.357430
33.240791, 126.357341
33.240852, 126.357279
33.240841, 126.357259
33.240778, 126.357244
33.240454, 126.357206
33.240220, 126.357256
33.240143, 126.357250
33.240085, 126.357188
33.239961, 126.356944
33.239949, 126.356863
33.239996, 126.356034
33.239969, 126.355828
33.239914, 126.355703
33.239809, 126.355578
33.239744, 126.355417
33.239647, 126.354679
33.239641, 126.354026
33.239651, 126.353815
33.239741, 126.353415
33.239858, 126.353208
33.239893, 126.353138
33.239891, 126.353102
33.239562, 126.352927
33.238773, 126.352529
33.238636, 126.352413
33.238319, 126.351689
33.238190, 126.351422
33.238163, 126.351107
33.238120, 126.350902
33.238088, 126.350826
33.238057, 126.350794
33.238017, 126.350778
33.237906, 126.350782
33.236866, 126.350860
33.236426, 126.350819
33.236359, 126.350778
33.236292, 126.350669
33.236149, 126.350164
33.236104, 126.350095
33.236045, 126.350056
33.235924, 126.350040
33.235770, 126.350056
33.235692, 126.350125
33.235654, 126.350135
33.235586, 126.350112
33.235338, 126.349990
33.235306, 126.349961
33.235318, 126.349941
33.235323, 126.349933
33.235318, 126.349931
33.235311, 126.349930
33.235310, 126.349917
33.235312, 126.349880
33.235317, 126.349771
33.235348, 126.349653
33.235421, 126.349531
33.235917, 126.348773
33.236034, 126.348667
33.236108, 126.348634
33.236215, 126.348528
33.236352, 126.348472
33.237120, 126.348394
33.237293, 126.348412
33.237952, 126.348734
33.238118, 126.348794
33.238189, 126.348790
33.238216, 126.348738
33.238223, 126.348605
33.238194, 126.348418
33.237632, 126.346621
33.237414, 126.345745
33.237321, 126.345483
33.237291, 126.345120
33.237407, 126.344554
33.237481, 126.344462
33.237598, 126.344431
33.238850, 126.344648
33.239024, 126.344644
33.239086, 126.344625
33.239108, 126.344592
33.239111, 126.344512
33.239083, 126.344397
33.239089, 126.344330
33.239117, 126.344274
33.239214, 126.344201
33.239557, 126.344046
33.239713, 126.343955
33.239941, 126.343730
33.240172, 126.343616
33.240308, 126.343510
33.240503, 126.343068
33.240541, 126.342943
33.240536, 126.342710
33.240600, 126.342471
33.240685, 126.342366
33.240711, 126.342315
33.240725, 126.342227
33.240736, 126.341980
33.240792, 126.341793
33.240862, 126.341707
33.241035, 126.341593
33.241167, 126.341456
33.241309, 126.341248
33.241438, 126.341193
33.241574, 126.341211
33.242781, 126.341449
33.243658, 126.341546
33.243798, 126.341652
33.243874, 126.341796
33.243992, 126.342301
33.244007, 126.342512
33.244000, 126.342731
33.244047, 126.342908
33.244152, 126.343033
33.244518, 126.343225
33.244902, 126.343152
33.245074, 126.343137
33.245216, 126.343189
33.245569, 126.343563
33.245689, 126.343769
33.245731, 126.343817
33.245764, 126.343829
33.245782, 126.343806
33.245801, 126.343728
33.245831, 126.343483
33.245859, 126.343307
33.245884, 126.343247
33.245934, 126.343211
33.246050, 126.343166
33.246108, 126.343125
33.246128, 126.343062
33.246124, 126.343004
33.246088, 126.342955
33.245914, 126.342810
33.245791, 126.342658
33.245319, 126.341926
33.245281, 126.341851
33.245288, 126.341789
33.245313, 126.341748
33.245355, 126.341727
33.245455, 126.341703
33.245679, 126.341706
33.245752, 126.341666
33.245853, 126.341521
33.245911, 126.341408
33.245901, 126.341360
33.245682, 126.340903
33.245639, 126.340794
33.245632, 126.340741
33.245647, 126.340706
33.245670, 126.340696
33.245721, 126.340699
33.245793, 126.340729
33.246009, 126.341028
33.246123, 126.341187
33.246188, 126.341516
33.246221, 126.341606
33.246284, 126.341667
33.246376, 126.341701
33.246814, 126.341602
33.247132, 126.341621
33.247178, 126.341627
33.247208, 126.341663
33.247220, 126.341703
33.247190, 126.341749
33.247058, 126.341873
33.246965, 126.342029
33.246928, 126.342122
33.246812, 126.342213
33.246733, 126.342355
33.246698, 126.342573
33.246737, 126.342776
33.246832, 126.342943
33.247317, 126.343391
33.247730, 126.343406
33.247806, 126.343427
33.247854, 126.343488
33.247932, 126.343722
33.248040, 126.343877
33.248232, 126.344003
33.248278, 126.344019
33.248294, 126.344005
33.248326, 126.343892
33.248364, 126.343762
33.248419, 126.343729
33.248515, 126.343751
33.248657, 126.343735
33.248770, 126.343674
33.248852, 126.343546
33.248884, 126.343507
33.248922, 126.343496
33.248955, 126.343505
33.248993, 126.343548
33.249080, 126.343681
33.249363, 126.343953
33.249492, 126.344007
33.249536, 126.344037
33.249573, 126.344097
33.249607, 126.344189
33.249640, 126.344398
33.249637, 126.344609
33.249620, 126.344734
33.249640, 126.344819
33.249716, 126.344947
33.249852, 126.345079
33.250035, 126.345166
33.250310, 126.345113
33.250393, 126.345114
33.250467, 126.345161
33.250618, 126.345308
33.250697, 126.345338
33.250827, 126.345329
33.250903, 126.345298
33.250956, 126.345224
33.251249, 126.344518
33.251636, 126.343929
33.251667, 126.343849
33.251657, 126.343785
33.251360, 126.343458
33.251246, 126.343297
33.250641, 126.342543
33.250591, 126.342485
33.250574, 126.342457
33.250574, 126.342429
33.250551, 126.342338
33.250514, 126.342255
33.250406, 126.342142
33.250330, 126.341985
33.250135, 126.341059
33.250135, 126.340834
33.250136, 126.340679
33.250100, 126.340579
33.250014, 126.340480
33.249221, 126.339817
33.249056, 126.339783
33.248422, 126.340095
33.248017, 126.340473
33.247578, 126.340639
33.247136, 126.340632
33.246842, 126.340466
33.245654, 126.339717
33.245239, 126.339654
33.244880, 126.339274
33.244726, 126.339184
33.244074, 126.339103
33.242433, 126.339075
33.240954, 126.338966
33.240796, 126.338876
33.240347, 126.338463
33.240208, 126.338413
33.240016, 126.338477
33.239842, 126.338502
33.239651, 126.338465
33.239515, 126.338381
33.239369, 126.338351
33.239151, 126.338378
33.239081, 126.338422
33.239030, 126.338497
33.238988, 126.338642
33.238968, 126.338740
33.238923, 126.338780
33.238848, 126.338795
33.238730, 126.338747
33.238426, 126.338560
33.238114, 126.338564
33.238035, 126.338551
33.237977, 126.338502
33.237936, 126.338421
33.237930, 126.338260
33.237880, 126.337444
33.237716, 126.337018
33.237714, 126.336717
33.237714, 126.336717
33.237714, 126.336717
33.237298, 126.361747
33.239027, 126.358318
33.239289, 126.352770
33.235327, 126.349982