
33.477179, 126.895889
33.477136, 126.895729
33.477096, 126.895633
33.477066, 126.895553
33.477056, 126.895505
33.477056, 126.895489
33.477064, 126.895461
33.477089, 126.895408
33.477123, 126.895344
33.477234, 126.895214
33.477283, 126.895131
33.477304, 126.895031
33.477308, 126.894958
33.477301, 126.894879
33.477271, 126.894788
33.477133, 126.894461
33.476907, 126.894127
33.476588, 126.893302
33.476361, 126.892372
33.476044, 126.891690
33.475815, 126.891281
33.475622, 126.890573
33.475481, 126.890262
33.475315, 126.889613
33.475279, 126.889517
33.475224, 126.889435
33.475179, 126.889384
33.475159, 126.889355
33.475146, 126.889320
33.475137, 126.889279
33.475134, 126.889231
33.475134, 126.889129
33.475134, 126.889066
33.474893, 126.887632
33.474620, 126.886599
33.474488, 126.885980
33.474094, 126.885209
33.474059, 126.885136
33.474047, 126.885101
33.474047, 126.885093
33.474058, 126.885065
33.474094, 126.884994
33.474164, 126.884858
33.474433, 126.884415
33.474495, 126.884344
33.474574, 126.884306
33.474682, 126.884279
33.475110, 126.884310
33.475410, 126.884257
33.475508, 126.884268
33.475550, 126.884267
33.475586, 126.884253
33.475618, 126.884226
33.475644, 126.884186
33.475673, 126.884129
33.475689, 126.884109
33.475709, 126.884106
33.475732, 126.884122
33.475759, 126.884155
33.475803, 126.884221
33.475826, 126.884247
33.475849, 126.884258
33.475872, 126.884255
33.475895, 126.884239
33.475942, 126.884191
33.475970, 126.884153
33.475986, 126.884141
33.476004, 126.884146
33.476024, 126.884167
33.476048, 126.884204
33.476080, 126.884262
33.476110, 126.884331
33.476136, 126.884423
33.476174, 126.884588
33.476293, 126.885344
33.476533, 126.886129
33.476718, 126.886593
33.476870, 126.886882
33.477032, 126.887298
33.477158, 126.887508
33.477216, 126.887589
33.477284, 126.887658
33.477618, 126.887938
33.477965, 126.888173
33.478210, 126.888279
33.478380, 126.888379
33.478463, 126.888414
33.478551, 126.888427
33.478642, 126.888429
33.478727, 126.888414
33.478801, 126.888365
33.478835, 126.888332
33.478850, 126.888315
33.478861, 126.888296
33.478868, 126.888275
33.478870, 126.888252
33.478871, 126.888228
33.478866, 126.888214
33.478853, 126.888195
33.478830, 126.888171
33.478798, 126.888142
33.477974, 126.887451
33.477910, 126.887387
33.477865, 126.887321
33.477847, 126.887286
33.477841, 126.887266
33.477841, 126.887240
33.477846, 126.887208
33.477857, 126.887169
33.477871, 126.887128
33.477902, 126.887085
33.477967, 126.887042
33.478213, 126.886908
33.478311, 126.886863
33.478387, 126.886812
33.478445, 126.886735
33.478273, 126.886047
33.478272, 126.886003
33.478272, 126.885532
33.478203, 126.884397
33.478203, 126.884339
33.478202, 126.884190
33.478268, 126.883808
33.478650, 126.882810
33.478688, 126.882508
33.478713, 126.882409
33.478763, 126.882324
33.478935, 126.882110
33.479514, 126.881461
33.479548, 126.881431
33.479582, 126.881414
33.479617, 126.881411
33.479654, 126.881421
33.479691, 126.881438
33.479731, 126.881473
33.479780, 126.881543
33.479948, 126.881828
33.480141, 126.882060
33.480192, 126.882144
33.480219, 126.882243
33.480294, 126.882808
33.480477, 126.883389
33.480624, 126.883672
33.480750, 126.883994
33.480799, 126.884100
33.480817, 126.884146
33.480827, 126.884189
33.480828, 126.884230
33.480822, 126.884269
33.480801, 126.884344
33.480647, 126.884759
33.480555, 126.885234
33.480510, 126.885356
33.480498, 126.885404
33.480498, 126.885450
33.480510, 126.885494
33.480534, 126.885535
33.480565, 126.885577
33.480609, 126.885618
33.480681, 126.885656
33.480759, 126.885690
33.480798, 126.885702
33.480837, 126.885703
33.480877, 126.885694
33.480916, 126.885673
33.481019, 126.885607
33.481384, 126.885150
33.481465, 126.885085
33.481936, 126.884714
33.482656, 126.884145
33.482733, 126.884096
33.482811, 126.884067
33.482851, 126.884058
33.482870, 126.884049
33.482886, 126.884029
33.482900, 126.884000
33.482912, 126.883960
33.482922, 126.883915
33.482926, 126.883855
33.482918, 126.883764
33.482895, 126.883601
33.482892, 126.883550
33.482900, 126.883504
33.482919, 126.883462
33.482947, 126.883424
33.483014, 126.883354
33.483263, 126.883111
33.483323, 126.883034
33.483365, 126.882941
33.483478, 126.882583
33.483521, 126.882494
33.483588, 126.882429
33.483748, 126.882321
33.483822, 126.882261
33.483887, 126.882188
33.483937, 126.882122
33.483976, 126.882045
33.483991, 126.881947
33.483994, 126.881846
33.483988, 126.881745
33.483962, 126.881646
33.483694, 126.880911
33.483528, 126.880215
33.483501, 126.879950
33.483345, 126.879517
33.483331, 126.879470
33.483324, 126.879430
33.483324, 126.879395
33.483332, 126.879367
33.483343, 126.879341
33.483353, 126.879330
33.483374, 126.879322
33.483404, 126.879316
33.483444, 126.879314
33.483524, 126.879312
33.483603, 126.879324
33.483681, 126.879365
33.483746, 126.879411
33.483804, 126.879470
33.483851, 126.879554
33.483906, 126.879686
33.483951, 126.879930
33.483985, 126.880024
33.484045, 126.880096
33.484433, 126.880416
33.484691, 126.880694
33.484762, 126.880757
33.484843, 126.880802
33.484923, 126.880836
33.484997, 126.880882
33.485060, 126.880953
33.485155, 126.881095
33.485204, 126.881184
33.485236, 126.881283
33.485299, 126.881549
33.485315, 126.881598
33.485338, 126.881638
33.485368, 126.881671
33.485406, 126.881697
33.485663, 126.881832
33.486216, 126.881949
33.486377, 126.882029
33.486462, 126.882061
33.486548, 126.882075
33.486593, 126.882077
33.486645, 126.882092
33.486715, 126.882131
33.486775, 126.882171
33.486806, 126.882186
33.486841, 126.882192
33.486879, 126.882188
33.486919, 126.882174
33.487427, 126.881957
33.487507, 126.881910
33.487576, 126.881844
33.487723, 126.881669
33.487793, 126.881608
33.487873, 126.881579
33.487916, 126.881572
33.487936, 126.881574
33.487954, 126.881586
33.487970, 126.881607
33.487984, 126.881639
33.487997, 126.881676
33.487999, 126.881729
33.487978, 126.881814
33.487906, 126.882041
33.487819, 126.882179
33.487796, 126.882222
33.487782, 126.882267
33.487776, 126.882314
33.487779, 126.882361
33.487794, 126.882459
33.487838, 126.882646
33.487848, 126.882748
33.487828, 126.882848
33.487800, 126.882926
33.487783, 126.882962
33.487761, 126.882992
33.487733, 126.883016
33.487700, 126.883034
33.487629, 126.883065
33.487502, 126.883074
33.487459, 126.883082
33.487421, 126.883101
33.487387, 126.883129
33.487358, 126.883167
33.487314, 126.883235
33.487279, 126.883313
33.487259, 126.883410
33.487134, 126.884476
33.487114, 126.884553
33.487109, 126.884591
33.487113, 126.884630
33.487128, 126.884670
33.487152, 126.884711
33.487279, 126.884890
33.487907, 126.885690
33.487958, 126.885775
33.487990, 126.885873
33.488030, 126.886068
33.488125, 126.886362
33.488144, 126.886408
33.488170, 126.886447
33.488201, 126.886478
33.488239, 126.886502
33.488321, 126.886542
33.488593, 126.886582
33.488675, 126.886611
33.488743, 126.886671
33.488773, 126.886709
33.488800, 126.886764
33.488819, 126.886853
33.488833, 126.886949
33.488838, 126.887048
33.488827, 126.887151
33.488808, 126.887250
33.488805, 126.887298
33.488812, 126.887341
33.488831, 126.887379
33.488862, 126.887414
33.489352, 126.887848
33.489618, 126.888053
33.489744, 126.888167
33.489819, 126.888222
33.489903, 126.888258
33.489967, 126.888277
33.490037, 126.888289
33.490121, 126.888288
33.490209, 126.888280
33.490252, 126.888280
33.490289, 126.888288
33.490323, 126.888304
33.490352, 126.888329
33.490379, 126.888357
33.490406, 126.888404
33.490437, 126.888487
33.490717, 126.889393
33.491007, 126.889940
33.491046, 126.890035
33.491068, 126.890137
33.491116, 126.890560
33.491340, 126.891448
33.491511, 126.892286
33.491617, 126.892568
33.491646, 126.892669
33.491656, 126.892774
33.491660, 126.893117
33.491669, 126.893223
33.491695, 126.893325
33.491809, 126.893655
33.491856, 126.893740
33.491926, 126.893799
33.491987, 126.893832
33.492016, 126.893852
33.492040, 126.893882
33.492061, 126.893920
33.492078, 126.893966
33.492108, 126.894069
33.492172, 126.894472
33.492315, 126.894863
33.492426, 126.895260
33.492657, 126.895879
33.492712, 126.896359
33.492734, 126.896462
33.492773, 126.896557
33.492902, 126.896796
33.492937, 126.896891
33.492945, 126.896995
33.492917, 126.897493
33.492904, 126.897605
33.492907, 126.897707
33.492941, 126.897801
33.493054, 126.898004
33.493158, 126.898169
33.493197, 126.898260
33.493204, 126.898362
33.493194, 126.898495
33.493182, 126.898619
33.493187, 126.898720
33.493225, 126.898808
33.493252, 126.898849
33.493263, 126.898874
33.493267, 126.898906
33.493266, 126.898947
33.493259, 126.898995
33.493212, 126.899254
33.493177, 126.899559
33.493156, 126.899662
33.493116, 126.899756
33.493082, 126.899819
33.493035, 126.899874
33.492962, 126.899914
33.492781, 126.899980
33.492742, 126.900000
33.492708, 126.900028
33.492680, 126.900065
33.492659, 126.900110
33.492624, 126.900202
33.492610, 126.900243
33.492603, 126.900274
33.492602, 126.900296
33.492608, 126.900308
33.492618, 126.900315
33.492618, 126.900324
33.492610, 126.900341
33.492594, 126.900369
33.492570, 126.900406
33.491937, 126.901331
33.491670, 126.901709
33.491387, 126.902215
33.491045, 126.903133
33.490847, 126.904046
33.490815, 126.904144
33.490763, 126.904229
33.490443, 126.904637
33.490165, 126.904837
33.489657, 126.905152
33.489446, 126.905295
33.489408, 126.905316
33.489370, 126.905326
33.489334, 126.905324
33.489298, 126.905311
33.489229, 126.905272
33.489066, 126.905101
33.488995, 126.905037
33.488916, 126.904988
33.488847, 126.904953
33.488786, 126.904902
33.488738, 126.904822
33.488572, 126.904434
33.488370, 126.904079
33.487641, 126.903268
33.485987, 126.902221
33.485387, 126.902047
33.483903, 126.901741
33.483397, 126.901732
33.482089, 126.901739
33.482001, 126.901750
33.481916, 126.901781
33.481654, 126.901913
33.479532, 126.903709
33.479245, 126.904126
33.479064, 126.904606
33.478361, 126.907862
33.478351, 126.907970
33.478335, 126.908098
33.478325, 126.908060
33.478319, 126.908049
33.478311, 126.908050
33.478300, 126.908065
33.478286, 126.908094
33.478256, 126.908164
33.478194, 126.908486
33.477863, 126.909309
33.477818, 126.909401
33.477761, 126.909483
33.477583, 126.909699
33.477516, 126.909768
33.477439, 126.909823
33.477130, 126.910007
33.475967, 126.910278
33.475424, 126.910573
33.474784, 126.911130
33.474312, 126.911328
33.473498, 126.911555
33.473152, 126.911795
33.472438, 126.912536
33.472261, 126.912819
33.472213, 126.912909
33.472178, 126.913007
33.472083, 126.913351
33.471990, 126.913916
33.471965, 126.914820
33.471981, 126.915211
33.471917, 126.916292
33.471900, 126.916396
33.471862, 126.916490
33.471771, 126.916659
33.471716, 126.916743
33.471649, 126.916812
33.471206, 126.917190
33.471138, 126.917259
33.471082, 126.917341
33.470628, 126.918125
33.469930, 126.919244
33.469384, 126.920287
33.469305, 126.920504
33.469291, 126.920553
33.469287, 126.920602
33.469292, 126.920651
33.469307, 126.920700
33.469383, 126.920891
33.469600, 126.921329
33.469654, 126.921411
33.469725, 126.921472
33.470206, 126.921775
33.470277, 126.921836
33.470331, 126.921919
33.470390, 126.922039
33.470408, 126.922086
33.470418, 126.922135
33.470419, 126.922185
33.470412, 126.922236
33.470398, 126.922296
33.470371, 126.922359
33.470316, 126.922426
33.470183, 126.922561
33.469759, 126.922824
33.469294, 126.923140
33.469229, 126.923200
33.469191, 126.923273
33.469166, 126.923354
33.469141, 126.923588
33.469121, 126.923691
33.469085, 126.923788
33.468952, 126.924073
33.468882, 126.924218
33.468848, 126.924315
33.468835, 126.924419
33.468805, 126.925841
33.468866, 126.926158
33.468890, 126.926249
33.468906, 126.926344
33.468906, 126.926448
33.468826, 126.927554
33.468788, 126.928170
33.468750, 126.928442
33.468748, 126.928546
33.468773, 126.928646
33.468804, 126.928726
33.468845, 126.928802
33.468907, 126.928871
33.469325, 126.929258
33.469559, 126.929483
33.469846, 126.929619
33.469925, 126.929668
33.469993, 126.929736
33.470331, 126.930151
33.470587, 126.930313
33.470660, 126.930338
33.470732, 126.930375
33.470802, 126.930433
33.471120, 126.930750
33.471246, 126.930872
33.471276, 126.930908
33.471295, 126.930949
33.471303, 126.930995
33.471300, 126.931045
33.471257, 126.931308
33.471248, 126.931414
33.471254, 126.931521
33.471268, 126.931626
33.471293, 126.931726
33.471339, 126.931815
33.471480, 126.932020
33.471529, 126.932108
33.471562, 126.932207
33.471799, 126.933215
33.471807, 126.933266
33.471805, 126.933314
33.471794, 126.933361
33.471775, 126.933405
33.471726, 126.933492
33.471461, 126.933785
33.471280, 126.934006
33.471226, 126.934089
33.471190, 126.934186
33.471113, 126.934483
33.471078, 126.934571
33.471024, 126.934628
33.470992, 126.934648
33.470973, 126.934654
33.470949, 126.934651
33.470918, 126.934640
33.470881, 126.934620
33.470766, 126.934548
33.470685, 126.934519
33.470600, 126.934531
33.470518, 126.934561
33.470451, 126.934595
33.470414, 126.934637
33.470402, 126.934660
33.470392, 126.934670
33.470371, 126.934677
33.470341, 126.934680
33.470301, 126.934681
33.470130, 126.934678
33.470042, 126.934687
33.469957, 126.934717
33.469646, 126.934868
33.469567, 126.934916
33.469496, 126.934981
33.469350, 126.935141
33.469296, 126.935222
33.469264, 126.935319
33.469213, 126.935595
33.469185, 126.935696
33.469139, 126.935787
33.469092, 126.935862
33.469066, 126.935895
33.469035, 126.935920
33.468998, 126.935935
33.468955, 126.935941
33.468487, 126.935962
33.468122, 126.935920
33.467440, 126.936035
33.466857, 126.935958
33.465617, 126.936102
33.465355, 126.936083
33.465279, 126.936087
33.465201, 126.936080
33.465118, 126.936054
33.465005, 126.936006
33.464919, 126.935980
33.464831, 126.935973
33.464681, 126.935977
33.464600, 126.935991
33.464538, 126.936029
33.464511, 126.936054
33.464496, 126.936063
33.464476, 126.936066
33.464452, 126.936063
33.464423, 126.936054
33.464393, 126.936042
33.464348, 126.936041
33.464276, 126.936061
33.464102, 126.936124
33.463803, 126.936307
33.463765, 126.936327
33.463733, 126.936339
33.463704, 126.936343
33.463681, 126.936339
33.463660, 126.936330
33.463634, 126.936300
33.463598, 126.936226
33.463576, 126.936174
33.463538, 126.936125
33.463470, 126.936084
33.463364, 126.936035
33.463258, 126.936014
33.463215, 126.936011
33.463174, 126.936018
33.463136, 126.936037
33.463100, 126.936066
33.463037, 126.936131
33.462967, 126.936184
33.462885, 126.936215
33.462813, 126.936231
33.462739, 126.936233
33.462658, 126.936209
33.462524, 126.936150
33.462054, 126.936468
33.462196, 126.936256
33.462259, 126.936181
33.462334, 126.936126
33.462416, 126.936079
33.462426, 126.936076
33.462426, 126.936070
33.462415, 126.936058
33.462394, 126.936039
33.462362, 126.936013
33.462147, 126.935843
33.462069, 126.935758
33.461998, 126.935694
33.461918, 126.935647
33.461765, 126.935577
33.461686, 126.935529
33.461618, 126.935461
33.461580, 126.935413
33.461531, 126.935365
33.461462, 126.935315
33.461224, 126.935164
33.461190, 126.935136
33.461168, 126.935100
33.461159, 126.935058
33.461161, 126.935008
33.461200, 126.934745
33.461204, 126.934695
33.461200, 126.934649
33.461187, 126.934608
33.461166, 126.934571
33.461140, 126.934537
33.461111, 126.934509
33.461073, 126.934493
33.461053, 126.934487
33.461042, 126.934478
33.461030, 126.934457
33.461017, 126.934424
33.461004, 126.934379
33.460893, 126.933976
33.460858, 126.933878
33.460809, 126.933789
33.460737, 126.933682
33.460692, 126.933592
33.460670, 126.933491
33.460643, 126.933210
33.460627, 126.933114
33.460600, 126.933041
33.460567, 126.932978
33.460487, 126.932857
33.460438, 126.932768
33.460405, 126.932670
33.460357, 126.932480
33.460350, 126.932432
33.460354, 126.932392
33.460370, 126.932360
33.460397, 126.932336
33.460430, 126.932315
33.460442, 126.932300
33.460444, 126.932276
33.460438, 126.932242
33.460421, 126.932199
33.460109, 126.931478
33.459417, 126.930408
33.459403, 126.930376
33.459394, 126.930364
33.459380, 126.930359
33.459360, 126.930363
33.459336, 126.930374
33.459309, 126.930389
33.459270, 126.930396
33.459207, 126.930388
33.459170, 126.930379
33.459128, 126.930352
33.459076, 126.930287
33.458836, 126.929925
33.458775, 126.929848
33.458704, 126.929784
33.458543, 126.929663
33.457202, 126.928903
33.456883, 126.928604
33.456775, 126.928467
33.456720, 126.928384
33.456678, 126.928290
33.456582, 126.928021
33.456536, 126.927934
33.456469, 126.927868
33.455987, 126.927534
33.455379, 126.926920
33.454826, 126.926509
33.454371, 126.926026
33.453964, 126.925538
33.453511, 126.925139
33.452837, 126.924641
33.452168, 126.924374
33.452090, 126.924328
33.452027, 126.924256
33.451984, 126.924191
33.451951, 126.924129
33.451936, 126.924071
33.451931, 126.924016
