33.237872, 126.336677
33.237863, 126.336680
33.237865, 126.336678
33.237878, 126.336672
33.237902, 126.336661
33.237939, 126.336646
33.239228, 126.336093
33.239309, 126.336049
33.239383, 126.335990
33.240045, 126.335373
33.240291, 126.335088
33.240346, 126.335009
33.240383, 126.334923
33.240410, 126.334832
33.240552, 126.334318
33.240737, 126.333857
33.240785, 126.333769
33.240852, 126.333702
33.240994, 126.333594
33.241000, 126.333591
33.241010, 126.333586
33.241018, 126.333582
33.241026, 126.333578
33.241034, 126.333574
33.241041, 126.333570
33.241048, 126.333568
33.241052, 126.333566
33.241054, 126.333565
33.241058, 126.333564
33.241060, 126.333563
33.241060, 126.333563
33.241083, 126.333655
33.240967, 126.333640
33.240977, 126.333642
33.240994, 126.333636
33.241025, 126.333612
33.241044, 126.333596
33.241055, 126.333590
33.241069, 126.333587
33.241086, 126.333588
33.241106, 126.333593
33.241128, 126.333599
33.241132, 126.333603
33.241125, 126.333606
33.241105, 126.333610
33.241072, 126.333613
33.241034, 126.333617
33.240987, 126.333605
33.240921, 126.333560
33.240822, 126.333478
33.240792, 126.333452
33.240778, 126.333432
33.240779, 126.333421
33.240795, 126.333416
33.240819, 126.333415
33.240824, 126.333411
33.240817, 126.333401
33.240797, 126.333385
33.240764, 126.333362
33.240714, 126.333328
33.240692, 126.333307
33.240676, 126.333279
33.240666, 126.333242
33.240663, 126.333196
33.240662, 126.333147
33.240672, 126.333086
33.240700, 126.333001
33.240740, 126.332898
33.240768, 126.332798
33.240776, 126.332693
33.240774, 126.332607
33.240781, 126.332516
33.240803, 126.332419
33.240869, 126.332198
33.240899, 126.332112
33.240927, 126.332056
33.240941, 126.332036
33.240946, 126.332022
33.240948, 126.332001
33.240946, 126.331974
33.240941, 126.331939
33.240933, 126.331901
33.240933, 126.331881
33.240939, 126.331860
33.240953, 126.331837
33.240973, 126.331814
33.241020, 126.331765
33.241176, 126.331679
33.241298, 126.331561
33.241324, 126.331528
33.241334, 126.331498
33.241328, 126.331470
33.241304, 126.331445
33.241273, 126.331421
33.241243, 126.331378
33.241217, 126.331294
33.241187, 126.331163
33.241187, 126.331024
33.241182, 126.330974
33.241168, 126.330930
33.241143, 126.330894
33.241109, 126.330864
33.241060, 126.330832
33.241015, 126.330782
33.240977, 126.330700
33.240765, 126.330078
33.240687, 126.329949
33.240647, 126.329880
33.240634, 126.329848
33.240634, 126.329841
33.240640, 126.329820
33.240656, 126.329769
33.240667, 126.329737
33.240673, 126.329723
33.240679, 126.329714
33.240685, 126.329710
33.240692, 126.329710
33.240698, 126.329713
33.240701, 126.329708
33.240703, 126.329689
33.240704, 126.329656
33.240705, 126.329609
33.240704, 126.329468
33.240728, 126.329336
33.240733, 126.329233
33.240711, 126.329133
33.240665, 126.329007
33.240652, 126.328958
33.240650, 126.328910
33.240657, 126.328862
33.240675, 126.328815
33.240731, 126.328702
33.240766, 126.328629
33.240777, 126.328598
33.240777, 126.328587
33.240777, 126.328301
33.240777, 126.328272
33.240773, 126.328197
33.240775, 126.328114
33.240791, 126.328017
33.240809, 126.327933
33.240820, 126.327842
33.240819, 126.327741
33.240770, 126.327049
33.240771, 126.326921
33.240764, 126.326821
33.240745, 126.326738
33.240733, 126.326700
33.240723, 126.326685
33.240707, 126.326676
33.240684, 126.326673
33.240654, 126.326677
33.240621, 126.326684
33.240577, 126.326702
33.240509, 126.326742
33.240461, 126.326773
33.240408, 126.326796
33.240344, 126.326803
33.240309, 126.326802
33.240266, 126.326818
33.240209, 126.326868
33.240144, 126.326935
33.240066, 126.326998
33.240036, 126.327022
33.240022, 126.327033
33.240024, 126.327033
33.240042, 126.327021
33.240092, 126.326985
33.240240, 126.326815
33.240269, 126.326780
33.240289, 126.326751
33.240301, 126.326728
33.240305, 126.326711
33.240305, 126.326696
33.240315, 126.326661
33.240347, 126.326586
33.240546, 126.326134
33.240577, 126.326058
33.240589, 126.326021
33.240590, 126.326013
33.240578, 126.325983
33.240543, 126.325912
33.240513, 126.325854
33.240486, 126.325784
33.240465, 126.325691
33.240453, 126.325619
33.240443, 126.325585
33.240427, 126.325555
33.240403, 126.325528
33.240372, 126.325506
33.240304, 126.325464
33.240270, 126.325455
33.240255, 126.325449
33.240244, 126.325442
33.240237, 126.325432
33.240235, 126.325420
33.240234, 126.325408
33.240243, 126.325383
33.240270, 126.325334
33.240305, 126.325274
33.240358, 126.325219
33.240380, 126.325194
33.240394, 126.325171
33.240398, 126.325151
33.240394, 126.325134
33.240386, 126.325118
33.240376, 126.325111
33.240357, 126.325103
33.240328, 126.325096
33.240288, 126.325089
33.240215, 126.325078
33.240140, 126.325078
33.240057, 126.325100
33.240005, 126.325121
33.239961, 126.325145
33.239935, 126.325174
33.239927, 126.325191
33.239918, 126.325197
33.239899, 126.325198
33.239870, 126.325194
33.239831, 126.325186
33.239758, 126.325168
33.239724, 126.325154
33.239695, 126.325130
33.239671, 126.325096
33.239651, 126.325051
33.239623, 126.324973
33.239602, 126.324903
33.239595, 126.324852
33.239596, 126.324810
33.239575, 126.324461
33.239585, 126.324192
33.239582, 126.324086
33.239565, 126.323981
33.239378, 126.323195
33.239379, 126.323131
33.239372, 126.323057
33.239351, 126.322964
33.239045, 126.321877
33.239015, 126.321410
33.239035, 126.321011
33.239051, 126.320908
33.239088, 126.320812
33.239118, 126.320754
33.239140, 126.320684
33.239148, 126.320589
33.239148, 126.320533
33.239142, 126.320470
33.239124, 126.320391
33.239099, 126.320305
33.238713, 126.319480
33.238676, 126.319383
33.238652, 126.319281
33.238639, 126.319203
33.238629, 126.319165
33.238611, 126.319130
33.238585, 126.319098
33.238550, 126.319069
33.238503, 126.319034
33.238457, 126.318985
33.238413, 126.318906
33.238135, 126.318304
33.238038, 126.317974
33.238016, 126.317887
33.238008, 126.317828
33.238008, 126.317784
33.238008, 126.317706
33.237999, 126.317629
33.237970, 126.317555
33.237931, 126.317482
33.237528, 126.316997
33.237241, 126.316724
33.237181, 126.316648
33.237142, 126.316555
33.237077, 126.316322
33.237040, 126.316133
33.237011, 126.316034
33.236961, 126.315947
33.236775, 126.315691
33.236686, 126.315623
33.236635, 126.315594
33.236581, 126.315553
33.236521, 126.315488
33.236402, 126.315341
33.236246, 126.315014
33.235991, 126.314673
33.235938, 126.314611
33.235901, 126.314586
33.235870, 126.314579
33.235808, 126.314559
33.235776, 126.314554
33.235743, 126.314560
33.235710, 126.314577
33.235675, 126.314606
33.235625, 126.314654
33.235568, 126.314691
33.235501, 126.314704
33.235465, 126.314705
33.235446, 126.314700
33.235426, 126.314683
33.235405, 126.314654
33.235383, 126.314614
33.235359, 126.314566
33.235344, 126.314544
33.235319, 126.314527
33.235287, 126.314515
33.235247, 126.314507
33.234886, 126.314460
33.234818, 126.314467
33.234785, 126.314465
33.234754, 126.314450
33.234725, 126.314425
33.234697, 126.314387
33.234645, 126.314302
33.234618, 126.314266
33.234592, 126.314241
33.234565, 126.314228
33.234538, 126.314227
33.234511, 126.314232
33.234497, 126.314240
33.234479, 126.314258
33.234459, 126.314288
33.234435, 126.314327
33.234400, 126.314392
33.234379, 126.314420
33.234351, 126.314439
33.234316, 126.314449
33.234275, 126.314450
33.234152, 126.314440
33.233611, 126.314184
33.233573, 126.314162
33.233543, 126.314136
33.233519, 126.314105
33.233503, 126.314070
33.233490, 126.314033
33.233482, 126.313980
33.233483, 126.313894
33.233489, 126.313792
33.233487, 126.313723
33.233494, 126.313689
33.233495, 126.313674
33.233489, 126.313661
33.233478, 126.313650
33.233461, 126.313642
33.233421, 126.313628
33.233346, 126.313609
33.233312, 126.313595
33.233285, 126.313569
33.233265, 126.313533
33.233251, 126.313486
33.233203, 126.313240
33.233204, 126.313065
33.233203, 126.312827
33.233214, 126.312777
33.233216, 126.312754
33.233209, 126.312735
33.233194, 126.312721
33.233172, 126.312710
33.233145, 126.312702
33.233130, 126.312692
33.233115, 126.312672
33.233098, 126.312640
33.233079, 126.312597
33.232980, 126.312349
33.232911, 126.312033
33.232611, 126.311422
33.232585, 126.311310
33.232549, 126.311216
33.232490, 126.311141
33.232379, 126.311038
33.232318, 126.310963
33.232275, 126.310871
33.232249, 126.310795
33.232212, 126.310722
33.232150, 126.310656
33.231650, 126.310235
33.231232, 126.309934
33.231067, 126.309802
33.227363, 126.302378
33.227150, 126.301713
33.227012, 126.301500
33.226842, 126.301275
33.226765, 126.301136
33.226710, 126.301053
33.226642, 126.300984
33.226387, 126.300767
33.226051, 126.300394
33.225792, 126.300157
33.225763, 126.300125
33.225746, 126.300096
33.225741, 126.300068
33.225748, 126.300042
33.225761, 126.300017
33.225762, 126.300005
33.225749, 126.299996
33.225724, 126.299988
33.225685, 126.299982
33.225620, 126.299976
33.225554, 126.299954
33.225485, 126.299901
33.225307, 126.299728
33.225022, 126.299300
33.224952, 126.299162
33.224929, 126.299122
33.224906, 126.299094
33.224884, 126.299077
33.224862, 126.299071
33.224841, 126.299072
33.224830, 126.299074
33.224819, 126.299079
33.224809, 126.299088
33.224798, 126.299100
33.224787, 126.299113
33.224782, 126.299117
33.224775, 126.299113
33.224767, 126.299101
33.224759, 126.299082
33.224751, 126.299060
33.224744, 126.299033
33.224743, 126.298997
33.224744, 126.298977
33.224733, 126.298938
33.224701, 126.298862
33.224509, 126.298447
33.223359, 126.296448
33.222635, 126.295261
33.222439, 126.295035
33.222370, 126.294968
33.222293, 126.294914
33.222102, 126.294805
33.221193, 126.294612
33.220474, 126.294484
33.219960, 126.294314
33.218998, 126.294044
33.218910, 126.294029
33.218821, 126.294033
33.218745, 126.294044
33.218666, 126.294044
33.218583, 126.294020
33.218274, 126.293890
33.217815, 126.293642
33.217451, 126.293460
33.217386, 126.293425
33.217358, 126.293403
33.217352, 126.293396
33.217326, 126.293386
33.217258, 126.293374
33.216855, 126.293309
33.216581, 126.293367
33.216190, 126.293512
33.215446, 126.294121
33.215262, 126.294249
33.215223, 126.294271
33.215183, 126.294282
33.215143, 126.294283
33.215102, 126.294273
33.215021, 126.294242
33.214576, 126.294145
33.214433, 126.294097
33.214345, 126.294079
33.214257, 126.294083
33.214080, 126.294112
33.213999, 126.294143
33.213934, 126.294210
33.213888, 126.294278
33.213864, 126.294306
33.213837, 126.294320
33.213809, 126.294321
33.213778, 126.294308
33.213746, 126.294289
33.213714, 126.294250
33.213682, 126.294170
33.213622, 126.293983
33.213602, 126.293937
33.213576, 126.293901
33.213542, 126.293874
33.213502, 126.293855
33.213436, 126.293835
33.213373, 126.293799
33.213315, 126.293731
33.213059, 126.293347
33.212997, 126.293153
33.212953, 126.293066
33.212884, 126.293006
33.212780, 126.292946
33.212745, 126.292924
33.212720, 126.292906
33.212705, 126.292892
33.212701, 126.292881
33.212701, 126.292873
33.212697, 126.292866
33.212682, 126.292854
33.212657, 126.292837
33.212622, 126.292814
33.212204, 126.292555
33.212102, 126.292465
33.211838, 126.292310
33.211687, 126.292209
33.210395, 126.291822
33.210169, 126.291709
33.210100, 126.291665
33.210026, 126.291629
33.209942, 126.291610
33.209460, 126.291548
33.208358, 126.291447
33.208153, 126.291458
33.208066, 126.291450
33.207982, 126.291417
33.207824, 126.291327
33.207620, 126.291235
33.207544, 126.291183
33.207487, 126.291106
33.207437, 126.291015
33.207383, 126.290931
33.207317, 126.290860
33.207224, 126.290776
33.207159, 126.290703
33.207108, 126.290617
33.207082, 126.290562
33.207045, 126.290505
33.206984, 126.290443
33.206678, 126.290175
33.206452, 126.290081
33.206414, 126.290062
33.206386, 126.290043
33.206367, 126.290023
33.206358, 126.290001
33.206354, 126.289979
33.206354, 126.289970
33.206357, 126.289964
33.206362, 126.289961
33.206371, 126.289960
33.206382, 126.289962
33.206386, 126.289961
33.206389, 126.289957
33.206390, 126.289949
33.206389, 126.289937
33.206387, 126.289924
33.206390, 126.289913
33.206401, 126.289894
33.206419, 126.289866
33.206445, 126.289831
33.206596, 126.289629
33.206649, 126.289544
33.206687, 126.289448
33.206709, 126.289379
33.206721, 126.289347
33.206734, 126.289322
33.206749, 126.289303
33.206766, 126.289291
33.206783, 126.289282
33.206792, 126.289280
33.206799, 126.289281
33.206806, 126.289287
33.206813, 126.289296
33.206819, 126.289308
33.206817, 126.289315
33.206805, 126.289323
33.206784, 126.289334
33.206753, 126.289347
33.206717, 126.289361
33.206678, 126.289394
33.206632, 126.289466
33.206553, 126.289613
33.206495, 126.289688
33.206418, 126.289734
33.206260, 126.289792
33.206173, 126.289813
33.206084, 126.289814
33.205633, 126.289768
33.205172, 126.289650
33.205085, 126.289643
33.205000, 126.289666
33.204543, 126.289875
33.204289, 126.289926
33.203969, 126.290016
33.203885, 126.290050
33.203807, 126.290102
33.203605, 126.290269
33.203334, 126.290626
33.203281, 126.290711
33.203241, 126.290806
33.203158, 126.291053
33.202797, 126.291645
33.202698, 126.291784
33.202653, 126.291873
33.202636, 126.291974
33.202633, 126.292050
33.202619, 126.292130
33.202582, 126.292217
33.202366, 126.292611
33.202310, 126.292692
33.202239, 126.292755
33.201833, 126.293033
33.201703, 126.293134
33.201625, 126.293183
33.201540, 126.293215
33.201294, 126.293277
33.201176, 126.293278
33.201134, 126.293273
33.201097, 126.293256
33.201066, 126.293227
33.201040, 126.293186
33.200910, 126.292926
33.200852, 126.292700
33.200852, 126.292621
33.200845, 126.292547
33.200826, 126.292485
33.200813, 126.292456
33.200806, 126.292446
33.200797, 126.292442
33.200788, 126.292446
33.200776, 126.292456
33.200765, 126.292470
33.200758, 126.292474
33.200748, 126.292471
33.200737, 126.292461
33.200723, 126.292445
33.200708, 126.292425
33.200676, 126.292403
33.200607, 126.292376
33.200441, 126.292320
33.200225, 126.292200
33.200147, 126.292147
33.200077, 126.292081
33.200033, 126.292032
33.199994, 126.291968
33.199965, 126.291878
33.199857, 126.291401
33.199816, 126.291290
33.199803, 126.291246
33.199797, 126.291213
33.199799, 126.291192
33.199810, 126.291181
33.199824, 126.291177
33.199827, 126.291179
33.199820, 126.291192
33.199804, 126.291215
33.199779, 126.291247
33.199749, 126.291285
33.199707, 126.291325
33.199638, 126.291368
33.199598, 126.291391
33.199545, 126.291407
33.199468, 126.291410
33.199306, 126.291403
33.199266, 126.291400
33.199238, 126.291397
33.199221, 126.291392
33.199215, 126.291386
33.199215, 126.291380
33.199209, 126.291374
33.199194, 126.291364
33.199168, 126.291350
33.199132, 126.291331
33.199056, 126.291292
33.198984, 126.291243
33.198920, 126.291174
33.198721, 126.290911
33.198667, 126.290826
33.198625, 126.290732
33.198593, 126.290643
33.198552, 126.290557
33.198494, 126.290481
33.198454, 126.290438
33.198436, 126.290413
33.198424, 126.290379
33.198416, 126.290337
33.198414, 126.290288
33.198413, 126.290165
33.198418, 126.290108
33.198415, 126.290040
33.198400, 126.289947
33.198323, 126.289577
33.198322, 126.289543
33.198329, 126.289493
33.198354, 126.289410
33.198488, 126.289004
33.198529, 126.288910
33.198584, 126.288827
33.198846, 126.288502
33.198901, 126.288419
33.198939, 126.288324
33.198957, 126.288265
33.198970, 126.288238
33.198993, 126.288217
33.199024, 126.288203
33.199064, 126.288195
33.199281, 126.288169
33.199356, 126.288153
33.199400, 126.288126
33.199415, 126.288110
33.199432, 126.288072
33.199453, 126.287990
33.199541, 126.287609
33.199540, 126.287562
33.199545, 126.287539
33.199561, 126.287517
33.199587, 126.287496
33.199624, 126.287477
33.200243, 126.287205
33.200353, 126.287135
33.200420, 126.287072
33.200464, 126.286984
33.200602, 126.286546
33.200618, 126.286501
33.200634, 126.286468
33.200650, 126.286447
33.200667, 126.286437
33.200683, 126.286433
33.200707, 126.286409
33.200745, 126.286346
33.200790, 126.286263
33.201071, 126.285240
33.201235, 126.284795
33.201280, 126.284705
33.201343, 126.284631
33.201558, 126.284432
33.201614, 126.284391
33.201638, 126.284366
33.201656, 126.284335
33.201666, 126.284295
33.201670, 126.284249
33.201671, 126.284198
33.201663, 126.284135
33.201641, 126.284047
33.201524, 126.283659
33.201444, 126.283084
33.201411, 126.282914
33.201407, 126.282867
33.201416, 126.282827
33.201439, 126.282797
33.201475, 126.282775
33.201536, 126.282750
33.201562, 126.282737
33.201581, 126.282723
33.201593, 126.282708
33.201596, 126.282691
33.201597, 126.282674
33.201582, 126.282640
33.201540, 126.282573
33.201354, 126.282298
33.201305, 126.282209
33.201270, 126.282112
33.201132, 126.281594
33.200926, 126.280092
33.200927, 126.279999
33.200699, 126.278116
33.200529, 126.277070
33.200519, 126.277024
33.200506, 126.276991
33.200490, 126.276972
33.200471, 126.276966
33.200451, 126.276967
33.200420, 126.276984
33.200367, 126.277030
33.200335, 126.277061
33.200318, 126.277069
33.200299, 126.277062
33.200279, 126.277038
33.200257, 126.277000
33.199998, 126.276473
33.199890, 126.276312
33.199825, 126.276243
33.199779, 126.276200
33.199733, 126.276146
33.199685, 126.276067
33.199482, 126.275697
33.199425, 126.275618
33.199351, 126.275562
33.199299, 126.275533
33.199243, 126.275494
33.199181, 126.275432
33.199107, 126.275351
33.198950, 126.275140
33.198905, 126.275076
33.198890, 126.275044
33.198890, 126.275036
33.198885, 126.275020
33.198871, 126.274988
33.198861, 126.274967
33.198834, 126.274939
33.198771, 126.274897
33.198376, 126.274652
33.198199, 126.274469
33.197875, 126.274293
33.197803, 126.274242
33.197752, 126.274179
33.197731, 126.274145
33.197716, 126.274106
33.197710, 126.274059
33.197710, 126.274034
33.197709, 126.274020
33.197703, 126.274007
33.197695, 126.273992
33.197682, 126.273978
33.197668, 126.273963
33.197657, 126.273959
33.197637, 126.273962
33.197609, 126.273972
33.197572, 126.273989
33.197385, 126.274084
33.197345, 126.274100
33.197307, 126.274107
33.197273, 126.274103
33.197242, 126.274090
33.197212, 126.274072
33.197181, 126.274033
33.197151, 126.273953
33.197054, 126.273633
33.197033, 126.273530
33.197030, 126.273425
33.197043, 126.273230
33.197040, 126.273124
33.197019, 126.273022
33.196940, 126.272762
33.196917, 126.272670
33.196910, 126.272596
33.196909, 126.272531
33.196947, 126.272191
33.196893, 126.271618
33.196738, 126.271081
33.196699, 126.270987
33.196641, 126.270908
33.196414, 126.270667
33.196325, 126.270578
33.196268, 126.270500
33.196233, 126.270405
33.196115, 126.269897
33.196042, 126.269650
33.196031, 126.269600
33.196029, 126.269550
33.196036, 126.269501
33.196052, 126.269453
33.196682, 126.267945
33.197121, 126.267220
33.197166, 126.267129
33.197197, 126.267029
33.197274, 126.266697
33.197316, 126.266507
33.197331, 126.266460
33.197353, 126.266425
33.197382, 126.266402
33.197418, 126.266390
33.197497, 126.266377
33.197887, 126.266441
33.198264, 126.266580
33.198550, 126.266588
33.198639, 126.266581
33.198725, 126.266555
33.198788, 126.266530
33.198845, 126.266491
33.198893, 126.266428
33.198915, 126.266390
33.198928, 126.266335
33.198925, 126.266246
33.198906, 126.266067
33.198904, 126.266016
33.198910, 126.265968
33.198924, 126.265925
33.198945, 126.265885
33.198971, 126.265847
33.198988, 126.265831
33.199012, 126.265819
33.199045, 126.265811
33.199086, 126.265808
33.199635, 126.265795
33.200384, 126.265603
33.202070, 126.265277
33.204180, 126.264762
33.204720, 126.264687
33.205496, 126.264708
33.206025, 126.264586
33.206114, 126.264575
33.206202, 126.264585
33.206541, 126.264658
33.207269, 126.264686
33.207347, 126.264679
33.207402, 126.264653
33.207424, 126.264634
33.207433, 126.264623
33.207440, 126.264608
33.207444, 126.264589
33.207446, 126.264566
33.207447, 126.264517
33.207444, 126.264436
33.207448, 126.264396
33.207459, 126.264356
33.207479, 126.264318
33.207507, 126.264280
33.207669, 126.264096
33.208048, 126.263840
33.208333, 126.263749
33.208598, 126.263703
33.209081, 126.263440
33.209829, 126.263335
33.209930, 126.263343
33.209973, 126.263342
33.210011, 126.263331
33.210045, 126.263310
33.210075, 126.263278
33.210103, 126.263242
33.210133, 126.263190
33.210166, 126.263107
33.210289, 126.262768
33.210333, 126.262676
33.210394, 126.262599
33.210564, 126.262426
33.210716, 126.262326
33.210789, 126.262267
33.210852, 126.262191
33.211027, 126.261932
33.211309, 126.261408
33.211386, 126.261299
33.211437, 126.261213
33.211476, 126.261116
33.211549, 126.260879
33.211567, 126.260778
33.211555, 126.260675
33.211373, 126.259934
33.211283, 126.259323
33.211162, 126.258698
33.211162, 126.258400
33.211247, 126.256500
33.211244, 126.255981
33.211269, 126.255657
33.211278, 126.255607
33.211295, 126.255563
33.211320, 126.255526
33.211355, 126.255495
33.211410, 126.255454
33.211459, 126.255413
33.211493, 126.255372
33.211520, 126.255330
33.212740, 126.254053
33.213255, 126.253528
33.213626, 126.253109
33.213983, 126.252887
33.214902, 126.252626
33.215539, 126.252518
33.216020, 126.252313
33.216106, 126.252287
33.216194, 126.252281
33.216329, 126.252288
33.217775, 126.252134
33.217871, 126.252094
33.217910, 126.252080
33.217940, 126.252072
33.217962, 126.252072
33.217976, 126.252078
33.217986, 126.252088
33.218004, 126.252099
33.218038, 126.252112
33.218059, 126.252118
33.218087, 126.252146
33.218130, 126.252215
33.218161, 126.252270
33.218180, 126.252294
33.218207, 126.252312
33.218241, 126.252322
33.218282, 126.252326
33.218505, 126.252328
33.218992, 126.252260
33.219025, 126.252254
33.219062, 126.252254
33.219105, 126.252267
33.219152, 126.252285