33.323601, 126.166802
33.323610, 126.166905
33.323620, 126.166949
33.323638, 126.166978
33.323667, 126.166993
33.323705, 126.166993
33.323790, 126.166978
33.324006, 126.166855
33.324041, 126.166840
33.324066, 126.166839
33.324081, 126.166855
33.324085, 126.166885
33.324084, 126.166923
33.324080, 126.166944
33.324066, 126.166968
33.324044, 126.166997
33.324014, 126.167029
33.323973, 126.167070
33.323939, 126.167128
33.323920, 126.167218
33.323894, 126.167469
33.323940, 126.168152
33.323937, 126.168197
33.323923, 126.168226
33.323897, 126.168239
33.323859, 126.168235
33.323758, 126.168209
33.323670, 126.168196
33.323582, 126.168204
33.323386, 126.168247
33.322845, 126.168581
33.322223, 126.168768
33.322185, 126.168784
33.322158, 126.168804
33.322142, 126.168829
33.322137, 126.168859
33.322137, 126.168891
33.322147, 126.168940
33.322176, 126.169021
33.322514, 126.169886
33.322737, 126.170565
33.322925, 126.170855
33.323097, 126.171016
33.323161, 126.171089
33.323213, 126.171175
33.323393, 126.171538
33.323492, 126.171850
33.323511, 126.171897
33.323537, 126.171935
33.323569, 126.171966
33.323608, 126.171989
33.323990, 126.172164
33.324027, 126.172187
33.324056, 126.172218
33.324074, 126.172257
33.324084, 126.172304
33.324094, 126.172407
33.324082, 126.173318
33.324159, 126.173694
33.324325, 126.174211
33.324366, 126.174658
33.324418, 126.174904
33.324429, 126.175007
33.324417, 126.175107
33.324395, 126.175205
33.324258, 126.175472
33.324240, 126.175517
33.324231, 126.175561
33.324233, 126.175603
33.324245, 126.175643
33.324262, 126.175683
33.324291, 126.175731
33.324343, 126.175797
33.324415, 126.175881
33.324465, 126.175953
33.324486, 126.176022
33.324489, 126.176054
33.324485, 126.176072
33.324471, 126.176091
33.324447, 126.176113
33.324412, 126.176136
33.324251, 126.176233
33.323732, 126.176444
33.323655, 126.176492
33.323595, 126.176567
33.323544, 126.176654
33.323516, 126.176694
33.323483, 126.176724
33.323446, 126.176745
33.323404, 126.176756
33.323358, 126.176764
33.323304, 126.176784
33.323236, 126.176831
33.323178, 126.176877
33.323112, 126.176908
33.323030, 126.176910
33.322868, 126.176886
33.322650, 126.176934
33.322562, 126.176939
33.322477, 126.176917
33.322276, 126.176831
33.322191, 126.176804
33.322102, 126.176796
33.321616, 126.176805
33.321544, 126.176804
33.321509, 126.176810
33.321477, 126.176826
33.321448, 126.176854
33.321421, 126.176893
33.321213, 126.177261
33.320600, 126.177988
33.320499, 126.178166
33.320457, 126.178260
33.320432, 126.178361
33.320415, 126.178465
33.320390, 126.178566
33.320349, 126.178660
33.320225, 126.178889
33.320183, 126.178983
33.320156, 126.179084
33.320053, 126.179623
33.320044, 126.179727
33.320059, 126.179831
33.320113, 126.180043
33.320419, 126.180728
33.320464, 126.180818
33.320501, 126.180912
33.320523, 126.181014
33.320586, 126.181472
33.320614, 126.181568
33.320671, 126.181644
33.320988, 126.181934
33.321136, 126.182084
33.321258, 126.182152
33.321328, 126.182211
33.321374, 126.182297
33.321408, 126.182399
33.321429, 126.182500
33.321423, 126.182604
33.321329, 126.183112
33.321356, 126.183502
33.321357, 126.183614
33.321362, 126.183666
33.321374, 126.183713
33.321395, 126.183756
33.321424, 126.183795
33.321476, 126.183854
33.321536, 126.183908
33.321612, 126.183951
33.321670, 126.183978
33.321726, 126.184015
33.321777, 126.184076
33.321801, 126.184113
33.321839, 126.184152
33.321905, 126.184199
33.322094, 126.184318
33.322167, 126.184377
33.322225, 126.184456
33.322321, 126.184621
33.322364, 126.184713
33.322392, 126.184814
33.322412, 126.184918
33.322439, 126.185019
33.322480, 126.185114
33.322520, 126.185193
33.322536, 126.185232
33.322542, 126.185271
33.322539, 126.185310
33.322525, 126.185348
33.322507, 126.185387
33.322476, 126.185432
33.322418, 126.185492
33.322039, 126.185846
33.321876, 126.185960
33.321838, 126.185979
33.321803, 126.185981
33.321769, 126.185967
33.321737, 126.185936
33.321684, 126.185868
33.321622, 126.185811
33.321543, 126.185777
33.321313, 126.185716
33.320717, 126.185674
33.320628, 126.185676
33.320540, 126.185695
33.319910, 126.185896
33.319816, 126.185927
33.319728, 126.185944
33.319640, 126.185940
33.319282, 126.185883
33.318293, 126.186009
33.318159, 126.186078
33.318075, 126.186104
33.317988, 126.186099
33.317716, 126.186032
33.317642, 126.186019
33.317598, 126.186020
33.317583, 126.186025
33.317574, 126.186033
33.317564, 126.186054
33.317551, 126.186086
33.317535, 126.186130
33.317508, 126.186214
33.317501, 126.186252
33.317510, 126.186279
33.317532, 126.186297
33.317570, 126.186306
33.317798, 126.186324
33.318046, 126.186308
33.318487, 126.186379
33.318576, 126.186384
33.318664, 126.186370
33.318910, 126.186302
33.318994, 126.186269
33.319072, 126.186218
33.319238, 126.186082
33.319317, 126.186035
33.319403, 126.186015
33.319582, 126.186001
33.319667, 126.186005
33.319744, 126.186030
33.319780, 126.186047
33.319797, 126.186062
33.319810, 126.186087
33.319820, 126.186124
33.319827, 126.186172
33.319849, 126.186395
33.319872, 126.186494
33.319922, 126.186579
33.320007, 126.186684
33.320055, 126.186769
33.320075, 126.186869
33.320103, 126.187431
33.320087, 126.187849
33.320080, 126.187898
33.320063, 126.187939
33.320036, 126.187971
33.319998, 126.187994
33.319764, 126.188100
33.319449, 126.188375
33.319384, 126.188446
33.319333, 126.188532
33.319032, 126.189176
33.319014, 126.189224
33.319007, 126.189272
33.319009, 126.189321
33.319020, 126.189371
33.319065, 126.189508
33.319213, 126.189819
33.319265, 126.189982
33.319284, 126.190027
33.319311, 126.190062
33.319345, 126.190087
33.319385, 126.190102
33.319623, 126.190154
33.319863, 126.190292
33.320121, 126.190469
33.320243, 126.190539
33.320321, 126.190592
33.320390, 126.190659
33.320524, 126.190814
33.320746, 126.190995
33.320824, 126.191046
33.320909, 126.191076
33.321180, 126.191140
33.321257, 126.191179
33.321338, 126.191204
33.321424, 126.191200
33.321495, 126.191186
33.321528, 126.191185
33.321558, 126.191199
33.321584, 126.191226
33.321606, 126.191267
33.321647, 126.191364
33.321703, 126.191764
33.321732, 126.191859
33.321791, 126.191933
33.321973, 126.192092
33.322084, 126.192198
33.322157, 126.192256
33.322236, 126.192295
33.322276, 126.192309
33.322320, 126.192342
33.322369, 126.192412
33.322420, 126.192498
33.322475, 126.192574
33.322537, 126.192632
33.322569, 126.192656
33.322604, 126.192699
33.322641, 126.192778
33.322760, 126.193076
33.322805, 126.193168
33.322864, 126.193248
33.322906, 126.193295
33.322924, 126.193322
33.322937, 126.193357
33.322945, 126.193400
33.322947, 126.193450
33.322948, 126.193676
33.322918, 126.193790
33.322912, 126.193835
33.322921, 126.193867
33.322944, 126.193886
33.322982, 126.193893
33.323092, 126.193892
33.323180, 126.193903
33.323265, 126.193934
33.323446, 126.194025
33.323624, 126.194053
33.323708, 126.194081
33.323783, 126.194135
33.324087, 126.194431
33.324277, 126.194578
33.324356, 126.194620
33.324442, 126.194627
33.324854, 126.194584
33.324896, 126.194585
33.324935, 126.194597
33.324969, 126.194620
33.324999, 126.194654
33.325027, 126.194694
33.325052, 126.194750
33.325071, 126.194840
33.325095, 126.195006
33.325103, 126.195112
33.325097, 126.195219
33.325070, 126.195424
33.325066, 126.195524
33.325079, 126.195611
33.325090, 126.195652
33.325101, 126.195672
33.325120, 126.195692
33.325148, 126.195712
33.325185, 126.195733
33.325233, 126.195756
33.325283, 126.195794
33.325340, 126.195860
33.325383, 126.195919
33.325420, 126.195990
33.325442, 126.196085
33.325527, 126.196662
33.325585, 126.196801
33.325616, 126.196894
33.325626, 126.196981
33.325626, 126.197022
33.325640, 126.197076
33.325678, 126.197153
33.325777, 126.197325
33.325805, 126.197365
33.325838, 126.197396
33.325875, 126.197419
33.325917, 126.197432
33.326108, 126.197472
33.326148, 126.197484
33.326177, 126.197503
33.326197, 126.197527
33.326208, 126.197558
33.326213, 126.197592
33.326212, 126.197644
33.326198, 126.197731
33.326125, 126.198097
33.326128, 126.198250
33.326124, 126.198302
33.326112, 126.198348
33.326090, 126.198389
33.326060, 126.198425
33.326011, 126.198471
33.325967, 126.198531
33.325932, 126.198619
33.325870, 126.198824
33.325850, 126.198926
33.325852, 126.199032
33.325863, 126.199123
33.325863, 126.199167
33.325853, 126.199208
33.325833, 126.199246
33.325802, 126.199280
33.325658, 126.199416
33.325628, 126.199452
33.325608, 126.199492
33.325599, 126.199538
33.325601, 126.199589
33.325613, 126.199686
33.325635, 126.199782
33.325675, 126.199874
33.325783, 126.200075
33.325838, 126.200157
33.325908, 126.200222
33.325971, 126.200268
33.325997, 126.200293
33.326014, 126.200323
33.326022, 126.200356
33.326020, 126.200393
33.326013, 126.200432
33.325991, 126.200481
33.325942, 126.200547
33.325880, 126.200620
33.325830, 126.200694
33.325805, 126.200769
33.325798, 126.200807
33.325804, 126.200859
33.325834, 126.200940
33.325894, 126.201072
33.325928, 126.201170
33.325945, 126.201274
33.325996, 126.201920
33.326169, 126.202665
33.326273, 126.202962
33.326297, 126.203063
33.326299, 126.203168
33.326254, 126.203685
33.326229, 126.203783
33.326176, 126.203862
33.326065, 126.203973
33.326037, 126.204009
33.326021, 126.204045
33.326018, 126.204082
33.326026, 126.204121
33.326056, 126.204198
33.326177, 126.204409
33.326221, 126.204502
33.326253, 126.204601
33.326283, 126.204725
33.326298, 126.204771
33.326317, 126.204807
33.326342, 126.204831
33.326371, 126.204844
33.326403, 126.204852
33.326447, 126.204847
33.326518, 126.204820
33.326598, 126.204781
33.326639, 126.204767
33.326679, 126.204764
33.326720, 126.204770
33.326761, 126.204786
33.326806, 126.204809
33.326855, 126.204846
33.326915, 126.204908
33.327498, 126.205592
33.327535, 126.205662
33.327556, 126.205694
33.327585, 126.205719
33.327619, 126.205737
33.327660, 126.205748
33.327923, 126.205794
33.328498, 126.206074
33.328590, 126.206157
33.328665, 126.206211
33.328749, 126.206247
33.328797, 126.206261
33.328847, 126.206293
33.328900, 126.206361
33.328947, 126.206436
33.328982, 126.206519
33.328989, 126.206618
33.328981, 126.206756
33.328991, 126.206858
33.329031, 126.206947
33.329183, 126.207171
33.329231, 126.207260
33.329262, 126.207359
33.329311, 126.207582
33.329315, 126.208080
33.329323, 126.208186
33.329346, 126.208289
33.329372, 126.208374
33.329380, 126.208417
33.329379, 126.208459
33.329369, 126.208502
33.329350, 126.208544
33.329326, 126.208586
33.329287, 126.208628
33.329218, 126.208668
33.329101, 126.208723
33.329015, 126.208753
33.328927, 126.208762
33.328783, 126.208762
33.328696, 126.208776
33.328618, 126.208821
33.328315, 126.209066
33.328252, 126.209136
33.328211, 126.209228
33.328181, 126.209329
33.328144, 126.209424
33.328091, 126.209508
33.328031, 126.209585
33.327926, 126.209834
33.327746, 126.210065
33.327722, 126.210105
33.327710, 126.210148
33.327711, 126.210193
33.327725, 126.210240
33.327758, 126.210318
33.327802, 126.210393
33.327864, 126.210460
33.328074, 126.210641
33.328120, 126.210692
33.328176, 126.210735
33.328251, 126.210764
33.328294, 126.210775
33.328315, 126.210786
33.328335, 126.210807
33.328356, 126.210840
33.328375, 126.210883
33.328396, 126.210934
33.328409, 126.210995
33.328407, 126.211075
33.328397, 126.211165
33.328372, 126.211263
33.328363, 126.211312
33.328363, 126.211361
33.328372, 126.211409
33.328389, 126.211456
33.328639, 126.212000
33.328661, 126.212123
33.328692, 126.212220
33.328747, 126.212300
33.328843, 126.212403
33.328899, 126.212483
33.328932, 126.212579
33.329036, 126.213080
33.329069, 126.213175
33.329124, 126.213253
33.329157, 126.213287
33.329204, 126.213317
33.329279, 126.213340
33.329405, 126.213365
33.329569, 126.213353
33.329611, 126.213354
33.329649, 126.213364
33.329682, 126.213382
33.329710, 126.213409
33.329736, 126.213441
33.329756, 126.213491
33.329766, 126.213580
33.329783, 126.213946
33.329803, 126.214023
33.329812, 126.214107
33.329801, 126.214205
33.329771, 126.214352
33.329626, 126.214762
33.329324, 126.215768
33.329137, 126.216190
33.328905, 126.216625
33.328885, 126.216671
33.328873, 126.216719
33.328870, 126.216769
33.328876, 126.216820
33.328937, 126.217145
33.329049, 126.217466
33.329165, 126.217899
33.329181, 126.218002
33.329174, 126.218107
33.329160, 126.218185
33.329156, 126.218269
33.329168, 126.218367
33.329191, 126.218487
33.329213, 126.218537
33.329224, 126.218601
33.329212, 126.218691
33.329181, 126.218826
33.329167, 126.218874
33.329150, 126.218912
33.329128, 126.218940
33.329102, 126.218959
33.329074, 126.218974
33.329033, 126.218982
33.328965, 126.218978
33.328924, 126.218972
33.328874, 126.218954
33.328806, 126.218910
33.328750, 126.218868
33.328723, 126.218855
33.328696, 126.218856
33.328669, 126.218873
33.328643, 126.218904
33.328592, 126.218982
33.328537, 126.219156
33.328499, 126.219251
33.328446, 126.219337
33.328227, 126.219635
33.328160, 126.219702
33.328080, 126.219740
33.327927, 126.219781
33.327847, 126.219821
33.327784, 126.219891
33.327640, 126.220113
33.327487, 126.220538
33.327475, 126.220587
33.327476, 126.220632
33.327488, 126.220675
33.327513, 126.220716
33.327600, 126.220828
33.327653, 126.220947
33.327776, 126.221120
33.327821, 126.221196
33.327839, 126.221263
33.327842, 126.221293
33.327839, 126.221310
33.327827, 126.221332
33.327805, 126.221359
33.327774, 126.221389
33.327706, 126.221452
33.327679, 126.221486
33.327667, 126.221522
33.327670, 126.221563
33.327686, 126.221606
33.327931, 126.222065
33.328137, 126.222961
33.328144, 126.223012
33.328142, 126.223061
33.328131, 126.223109
33.328110, 126.223154
33.328043, 126.223272
33.327751, 126.223551
33.327656, 126.223635
33.327625, 126.223669
33.327608, 126.223708
33.327602, 126.223752
33.327609, 126.223801
33.327687, 126.224106
33.327761, 126.224269
33.327777, 126.224316
33.327781, 126.224363
33.327774, 126.224409
33.327756, 126.224454
33.327673, 126.224610
33.327608, 126.224778
33.327586, 126.224821
33.327557, 126.224853
33.327522, 126.224874
33.327480, 126.224883
33.327361, 126.224893
33.327063, 126.224869
33.326822, 126.224868
33.326215, 126.224786
33.326053, 126.224778
33.326012, 126.224772
33.325981, 126.224760
33.325959, 126.224742
33.325946, 126.224717
33.325938, 126.224689
33.325938, 126.224671
33.325946, 126.224647
33.325961, 126.224615
33.325985, 126.224575
33.326039, 126.224491
33.326061, 126.224460
33.326073, 126.224453
33.326076, 126.224469
33.326068, 126.224509
33.326048, 126.224586
33.326015, 126.224660
33.325955, 126.224725
33.325909, 126.224763
33.325852, 126.224796
33.325774, 126.224818
33.325654, 126.224841
33.325719, 126.224772
33.325757, 126.224740
33.325807, 126.224717
33.325884, 126.224713
33.326378, 126.224737
33.326461, 126.224760
33.326531, 126.224819
33.326695, 126.225019
33.326722, 126.225059
33.326742, 126.225104
33.326753, 126.225152
33.326756, 126.225204
33.326754, 126.225414
33.326765, 126.225514
33.326799, 126.225600
33.326845, 126.225680
33.326904, 126.225750
33.326957, 126.225827
33.326999, 126.225918
33.327023, 126.225982
33.327039, 126.226009
33.327060, 126.226025
33.327088, 126.226031
33.327122, 126.226027
33.327197, 126.226008
33.327506, 126.225808
33.327581, 126.225771
33.327650, 126.225764
33.327683, 126.225767
33.327699, 126.225775
33.327716, 126.225794
33.327733, 126.225826
33.327751, 126.225869
33.327772, 126.225928
33.327789, 126.225998
33.327795, 126.226093
33.327803, 126.226826
33.327810, 126.226923
33.327831, 126.226997
33.327859, 126.227060
33.327917, 126.227162
33.327955, 126.227255
33.327964, 126.227357
33.327961, 126.227410
33.327949, 126.227463
33.327916, 126.227514
33.327895, 126.227540
33.327856, 126.227563
33.327784, 126.227581
33.327699, 126.227595
33.327658, 126.227597
33.327621, 126.227588
33.327587, 126.227569
33.327557, 126.227540
33.327529, 126.227505
33.327516, 126.227493
33.327502, 126.227494
33.327488, 126.227506
33.327475, 126.227531
33.327462, 126.227561
33.327460, 126.227579
33.327468, 126.227603
33.327486, 126.227632
33.327513, 126.227667
33.327579, 126.227745
33.327640, 126.227791
33.327697, 126.227848
33.327746, 126.227929
33.327778, 126.227993
33.327790, 126.228028
33.327794, 126.228066
33.327790, 126.228110
33.327778, 126.228158
33.327660, 126.228537
33.327635, 126.228687
33.327609, 126.228788
33.327566, 126.228881
33.327369, 126.229229
33.327259, 126.229498
33.327236, 126.229539
33.327207, 126.229565
33.327172, 126.229577
33.327131, 126.229575
33.327021, 126.229551
33.326944, 126.229508
33.326877, 126.229459
33.326828, 126.229394
33.326808, 126.229358
33.326772, 126.229323
33.326702, 126.229291
33.326575, 126.229245
33.326498, 126.229200
33.326439, 126.229125
33.326378, 126.229016
33.326351, 126.228978
33.326319, 126.228955
33.326283, 126.228946
33.326241, 126.228952
33.325724, 126.229103
33.325682, 126.229110
33.325640, 126.229107
33.325601, 126.229093
33.325563, 126.229068
33.325468, 126.228991
33.325432, 126.228968
33.325395, 126.228962
33.325359, 126.228971
33.325324, 126.228997
33.325255, 126.229062
33.325199, 126.229137
33.325166, 126.229232
33.325019, 126.229957
33.324855, 126.230475
33.324835, 126.230577
33.324838, 126.230681
33.324899, 126.231116
33.324922, 126.231218
33.324964, 126.231311
33.325011, 126.231397
33.325031, 126.231441
33.325042, 126.231487
33.325045, 126.231536
33.325039, 126.231587
33.325027, 126.231648
33.325006, 126.231715
33.324965, 126.231797
33.324731, 126.232205
33.324656, 126.232450
33.324640, 126.232551
33.324656, 126.232652
33.325045, 126.233907
33.325245, 126.234760
33.325280, 126.234856
33.325337, 126.234934
33.325547, 126.235151
33.325607, 126.235228
33.325652, 126.235319
33.325761, 126.235612
33.325932, 126.235840
33.326331, 126.236537
33.326560, 126.236854
33.326623, 126.236929
33.326696, 126.236990
33.327047, 126.237239
33.327127, 126.237281
33.327214, 126.237297
33.327415, 126.237304
33.327853, 126.237279
33.328361, 126.237443
33.328819, 126.237467
33.328907, 126.237481
33.328991, 126.237515
33.329518, 126.237794
33.329843, 126.238020
33.329920, 126.238057
33.329996, 126.238060
33.330072, 126.238047
33.330323, 126.237905
33.330364, 126.237888
33.330406, 126.237880
33.330447, 126.237883
33.330489, 126.237896
33.330725, 126.237998
33.331127, 126.238309
33.331279, 126.238467
33.331352, 126.238520
33.331437, 126.238536
33.331612, 126.238533
33.331698, 126.238547
33.331777, 126.238589
33.331815, 126.238617
33.331855, 126.238662
33.331898, 126.238739
33.331984, 126.238918
33.332009, 126.238960
33.332040, 126.238993
33.332076, 126.239017
33.332117, 126.239032
33.332399, 126.239096
33.332484, 126.239096
33.332562, 126.239056
33.332604, 126.239022
33.332649, 126.238976
33.332700, 126.238903
33.332844, 126.238675
33.332983, 126.238521
33.333012, 126.238486
33.333033, 126.238456
33.333045, 126.238430
33.333049, 126.238408
33.333049, 126.238368
33.333036, 126.238137
33.333043, 126.238034
33.333076, 126.237940
33.333099, 126.237895
33.333136, 126.237850
33.333203, 126.237805
33.333334, 126.237733
33.333418, 126.237704
33.333504, 126.237708
33.333708, 126.237755
33.333793, 126.237786
33.333870, 126.237838
33.334011, 126.237960
33.334322, 126.238314
33.334575, 126.238842
33.334710, 126.239057
33.334770, 126.239134
33.334844, 126.239193
33.334987, 126.239283
33.335214, 126.239331
33.335299, 126.239361
33.335377, 126.239411
33.335466, 126.239484
33.335539, 126.239573
33.335607, 126.239641
33.335685, 126.239690
33.336365, 126.240018
33.336437, 126.240073
33.336487, 126.240156
33.336555, 126.240334
33.336596, 126.240506
33.336627, 126.240606
33.336672, 126.240698
33.336765, 126.240855
33.336782, 126.240894
33.336782, 126.240921
33.336763, 126.240938
33.336727, 126.240944
33.336642, 126.240944
33.336607, 126.240951
33.336585, 126.240970
33.336576, 126.241003
33.336581, 126.241048
33.336638, 126.241294
33.336666, 126.241392
33.336675, 126.241441
33.336674, 126.241488
33.336664, 126.241534
33.336643, 126.241578
33.336619, 126.241622
33.336579, 126.241665
33.336511, 126.241707
33.336311, 126.241808
33.336069, 126.241882
33.336028, 126.241899
33.335993, 126.241924
33.335963, 126.241956
33.335939, 126.241996
33.335918, 126.242040
33.335903, 126.242100
33.335900, 126.242192
33.335908, 126.242394
33.335901, 126.242499
33.335873, 126.242599
33.335762, 126.242873
33.335735, 126.242972
33.335731, 126.243077
33.335743, 126.243255
33.335740, 126.243361
33.335719, 126.243463
33.335638, 126.243721
33.335568, 126.244691
33.335553, 126.244796
33.335524, 126.244896
33.335314, 126.245454
33.335086, 126.245899
33.334973, 126.246216
33.334865, 126.246413
33.334849, 126.246452
33.334851, 126.246482
33.334870, 126.246501
33.334906, 126.246509
33.335322, 126.246541
33.335410, 126.246559
33.335491, 126.246599
33.335764, 126.246775
33.335920, 126.246819
33.336002, 126.246857
33.336072, 126.246920
33.336156, 126.247021
33.336214, 126.247102
33.336259, 126.247194
33.336318, 126.247343
33.336334, 126.247388
33.336343, 126.247426
33.336346, 126.247457
33.336343, 126.247480
33.336336, 126.247500
33.336327, 126.247510
33.336308, 126.247520
33.336280, 126.247531
33.336241, 126.247541
33.336091, 126.247577
33.336009, 126.247611
33.335936, 126.247670
33.335685, 126.247941
33.335613, 126.248000
33.335529, 126.248030
33.335162, 126.248098
33.335082, 126.248130
33.335017, 126.248195
33.334989, 126.248236
33.334962, 126.248293
33.334939, 126.248381
33.334922, 126.248461
33.334897, 126.248542
33.334855, 126.248628
33.334750, 126.248809
33.334700, 126.248886
33.334650, 126.248941
33.334625, 126.248963
33.334587, 126.248982
33.334524, 126.248993
33.334486, 126.248996
33.334436, 126.248989
33.334365, 126.248958
33.334291, 126.248921
33.334221, 126.248900
33.334159, 126.248911
33.334130, 126.248925
33.334116, 126.248934
33.334103, 126.248949
33.334091, 126.248970
33.334081, 126.248996
33.334071, 126.249025
33.334061, 126.249039
33.334041, 126.249051
33.334011, 126.249061
33.333972, 126.249070
33.333878, 126.249086
33.333838, 126.249100
33.333808, 126.249125
33.333787, 126.249161
33.333775, 126.249208
33.333746, 126.249438
33.333722, 126.249540
33.333679, 126.249631
33.333589, 126.249774
33.333560, 126.249809
33.333527, 126.249830
33.333490, 126.249835
33.333450, 126.249826
33.333008, 126.249649
33.332803, 126.249646
33.332716, 126.249658
33.332634, 126.249696
33.332537, 126.249757
33.332466, 126.249818
33.332411, 126.249899
33.332367, 126.249983
33.332315, 126.250058
33.332245, 126.250118
33.332198, 126.250150
33.332149, 126.250196
33.332099, 126.250270
33.331857, 126.250686
33.331816, 126.250779
33.331797, 126.250881
33.331774, 126.251164
33.331782, 126.251265
33.331822, 126.251355
33.332059, 126.251708
33.332117, 126.251836
33.332169, 126.251919
33.332240, 126.251980
33.332487, 126.252131
33.332570, 126.252171
33.332657, 126.252190
33.333075, 126.252237
33.333160, 126.252227
33.333236, 126.252180
33.333508, 126.251923
33.333700, 126.251598
33.333760, 126.251521
33.333835, 126.251467
33.333897, 126.251435
33.333953, 126.251386
33.333998, 126.251305
33.334050, 126.251173
33.334065, 126.251130
33.334073, 126.251096
33.334073, 126.251072
33.334065, 126.251058
33.334054, 126.251049
33.334051, 126.251043
33.334053, 126.251034
33.334060, 126.251023
33.334072, 126.251009
33.334086, 126.250993
33.334091, 126.250980
33.334089, 126.250956
33.334082, 126.250922
33.334069, 126.250877
33.333954, 126.250514
33.333918, 126.250423
33.333875, 126.250353
33.333827, 126.250291
33.333716, 126.250056
33.333665, 126.249965
33.333645, 126.249919
33.333633, 126.249871
33.333629, 126.249821
33.333634, 126.249769
33.333708, 126.249339
33.333708, 126.249284
33.333700, 126.249190
33.333702, 126.249104
33.333728, 126.249036
33.333746, 126.249006
33.333781, 126.248975
33.333849, 126.248940
33.333929, 126.248906
33.333997, 126.248866
33.334041, 126.248816
33.334056, 126.248789
33.334058, 126.248775
33.334047, 126.248759
33.334023, 126.248742
33.333987, 126.248724
33.333854, 126.248665
33.333161, 126.248520
33.332336, 126.248610
33.332250, 126.248630
33.332169, 126.248673
33.331692, 126.249003
33.331413, 126.249359
33.331100, 126.249814
33.330845, 126.250522
33.330824, 126.250622
33.330834, 126.250725
33.331020, 126.251508
33.331147, 126.251818
33.331229, 126.252234
33.331451, 126.252761
33.331465, 126.252808
33.331464, 126.252851
33.331451, 126.252891
33.331424, 126.252928
33.331302, 126.253054
33.331244, 126.253130
33.331206, 126.253216
33.331192, 126.253262
33.331189, 126.253288
33.331193, 126.253320
33.331205, 126.253357
33.331225, 126.253400
33.331317, 126.253581
33.331358, 126.253766
33.331369, 126.253869
33.331356, 126.253973
33.331339, 126.254044
33.331312, 126.254118
33.331267, 126.254200
33.331236, 126.254250
33.331194, 126.254302
33.331130, 126.254359
33.331053, 126.254419
33.330987, 126.254488
33.330940, 126.254576
33.330918, 126.254636
33.330909, 126.254665
33.330906, 126.254695
33.330909, 126.254726
33.330917, 126.254756
33.330927, 126.254787
33.330952, 126.254827
33.331006, 126.254887
33.331105, 126.254988
33.331178, 126.255044
33.331262, 126.255073
33.331337, 126.255086
33.331371, 126.255098
33.331398, 126.255119
33.331417, 126.255151
33.331429, 126.255193
33.331438, 126.255240
33.331439, 126.255301
33.331424, 126.255392
33.331343, 126.255785
33.331338, 126.255835
33.331342, 126.255883
33.331357, 126.255927
33.331382, 126.255969
33.331493, 126.256116
33.331560, 126.256184
33.331639, 126.256229
33.331797, 126.256290
33.331884, 126.256313
33.331972, 126.256315
33.332649, 126.256252
33.332649, 126.256252
33.331972, 126.256315