33.332827, 126.256429
33.332824, 126.256349
33.333140, 126.256399
33.333867, 126.256264
33.333873, 126.256244
33.333830, 126.256210
33.333779, 126.255842
33.333650, 126.255492
33.333606, 126.255326
33.333749, 126.254844
33.334178, 126.254564
33.335274, 126.254689
33.335624, 126.254595
33.335801, 126.254422
33.336090, 126.254060
33.336342, 126.254043
33.336599, 126.254127
33.336698, 126.254114
33.336751, 126.254059
33.336854, 126.253668
33.336866, 126.253245
33.337077, 126.252812
33.337208, 126.251604
33.337559, 126.250001
33.337658, 126.249950
33.339100, 126.250626
33.339722, 126.250989
33.339794, 126.250917
33.339832, 126.250569
33.340336, 126.248105
33.340436, 126.248018
33.340530, 126.248048
33.340734, 126.248203
33.340998, 126.248446
33.341215, 126.248452
33.341407, 126.248315
33.341632, 126.248080
33.341847, 126.248082
33.342635, 126.248237
33.343096, 126.248547
33.343390, 126.248685
33.343800, 126.248635
33.344277, 126.248565
33.345485, 126.247774
33.345645, 126.247750
33.345859, 126.247823
33.346041, 126.247844
33.346526, 126.248154
33.346574, 126.248258
33.346583, 126.248566
33.346728, 126.248922
33.346711, 126.249121
33.346576, 126.249283
33.346522, 126.249403
33.346546, 126.249479
33.346599, 126.249524
33.346716, 126.249491
33.347037, 126.248970
33.347263, 126.248573
33.347365, 126.248197
33.347408, 126.248124
33.347393, 126.248003
33.347400, 126.247944
33.347458, 126.247903
33.347654, 126.247903
33.347725, 126.247955
33.347782, 126.247934
33.347876, 126.247807
33.347931, 126.247617
33.347946, 126.247556
33.348077, 126.247536
33.348430, 126.247666
33.348534, 126.247743
33.348580, 126.247733
33.348592, 126.247683
33.348584, 126.247559
33.348441, 126.247226
33.348350, 126.246941
33.347482, 126.245877
33.347243, 126.245551
33.346883, 126.244795
33.346895, 126.244599
33.346880, 126.244457
33.346560, 126.244143
33.346368, 126.243609
33.345954, 126.243160
33.345255, 126.242422
33.344838, 126.242098
33.344673, 126.241905
33.344606, 126.241242
33.344356, 126.240755
33.343969, 126.240305
33.343815, 126.240227
33.343589, 126.239741
33.342899, 126.238567
33.342847, 126.238045
33.342863, 126.237951
33.342950, 126.237905
33.343089, 126.237939
33.343112, 126.237957
33.343132, 126.237963
33.343287, 126.237947
33.343548, 126.238066
33.343736, 126.238252
33.344143, 126.238212
33.344544, 126.238019
33.345081, 126.237724
33.345322, 126.237671
33.345506, 126.237562
33.345668, 126.237510
33.345848, 126.237390
33.345936, 126.237378
33.345985, 126.237421
33.346120, 126.237914
33.346174, 126.238008
33.346239, 126.238004
33.346298, 126.237917
33.346570, 126.237319
33.346562, 126.237101
33.346597, 126.236975
33.346911, 126.236808
33.347489, 126.236951
33.347601, 126.236956
33.347924, 126.236620
33.348187, 126.236484
33.348558, 126.236083
33.348839, 126.235762
33.349632, 126.235439
33.349981, 126.235409
33.350214, 126.235568
33.350726, 126.236269
33.351044, 126.237009
33.351169, 126.237770
33.351287, 126.238271
33.351422, 126.238373
33.352106, 126.238611
33.352291, 126.238723
33.352361, 126.238707
33.352409, 126.238433
33.352504, 126.238146
33.352546, 126.237732
33.352560, 126.237657
33.352910, 126.237269
33.354041, 126.236506
33.354177, 126.236215
33.354240, 126.236107
33.354449, 126.236066
33.354854, 126.235734
33.355293, 126.235682
33.355473, 126.235688
33.356001, 126.235205
33.356117, 126.235150
33.356551, 126.235206
33.356650, 126.235255
33.356748, 126.235403
33.356858, 126.235751
33.357108, 126.235978
33.357208, 126.235983
33.357433, 126.235853
33.357558, 126.235854
33.357897, 126.236016
33.358001, 126.236189
33.358177, 126.236698
33.358314, 126.236881
33.358493, 126.237211
33.358649, 126.237325
33.358905, 126.237265
33.359006, 126.237190
33.359058, 126.237059
33.359061, 126.236796
33.359202, 126.236488
33.359297, 126.236193
33.359343, 126.236086
33.359471, 126.236053
33.359974, 126.235510
33.360297, 126.234670
33.360375, 126.234407
33.360517, 126.233281
33.360600, 126.232567
33.360685, 126.232463
33.361124, 126.232306
33.361402, 126.232321
33.361904, 126.232048
33.362375, 126.231818
33.362438, 126.231719
33.362477, 126.231579
33.362421, 126.231501
33.362397, 126.231433
33.362398, 126.231334
33.362467, 126.231253
33.362851, 126.231006
33.363577, 126.230969
33.364260, 126.230378
33.364355, 126.230361
33.364447, 126.230399
33.364526, 126.230350
33.365409, 126.229855
33.366624, 126.228351
33.368000, 126.226776
33.368424, 126.226561
33.370198, 126.226359
33.370500, 126.226169
33.371002, 126.225452
33.371001, 126.225368
33.370879, 126.225305
33.369905, 126.224992
33.368611, 126.224107
33.368545, 126.224102
33.368611, 126.224146
33.369950, 126.224984
33.370817, 126.225241
33.370932, 126.225214
33.371560, 126.224291
33.371858, 126.221999
33.371604, 126.219983
33.371632, 126.219755
33.371715, 126.219665
33.371837, 126.219513
33.372058, 126.218963
33.372608, 126.218530
33.372775, 126.217943
33.372958, 126.217618
33.373466, 126.217270
33.373667, 126.216913
33.373816, 126.216599
33.374488, 126.215494
33.374581, 126.215418
33.374629, 126.215453
33.374694, 126.215602
33.375128, 126.216848
33.375221, 126.216871
33.375333, 126.216769
33.375353, 126.216689
33.375225, 126.216463
33.375181, 126.216359
33.375185, 126.216306
33.375134, 126.216248
33.375044, 126.216097
33.374738, 126.215204
33.374689, 126.215090
33.374793, 126.214577
33.374814, 126.213775
33.374961, 126.213571
33.375133, 126.213553
33.375426, 126.213663
33.375626, 126.213764
33.376730, 126.213961
33.377020, 126.214053
33.377278, 126.214303
33.377776, 126.214855
33.377982, 126.215510
33.378033, 126.215919
33.378124, 126.216233
33.378212, 126.216325
33.378869, 126.216485
33.379057, 126.216452
33.379206, 126.216260
33.379797, 126.215827
33.380282, 126.215569
33.380500, 126.215115
33.380820, 126.214954
33.381217, 126.214971
33.381889, 126.215101
33.381977, 126.215199
33.382016, 126.215394
33.382020, 126.215784
33.382109, 126.215769
33.382188, 126.215780
33.382404, 126.215881
33.382532, 126.215945
33.382689, 126.215988
33.382754, 126.216051
33.382834, 126.216228
33.382938, 126.216303
33.383542, 126.216533
33.383799, 126.216811
33.383857, 126.217050
33.383753, 126.218673
33.383789, 126.218833
33.383847, 126.218822
33.384113, 126.218681
33.384196, 126.218672
33.384255, 126.218710
33.384414, 126.218779
33.384590, 126.218990
33.384668, 126.219324
33.384730, 126.219451
33.384942, 126.219570
33.385184, 126.219580
33.385294, 126.219650
33.386397, 126.221175
33.386583, 126.221406
33.387934, 126.222221
33.388272, 126.222371
33.388766, 126.222414
33.389981, 126.222277
33.390091, 126.222313
33.390148, 126.222390
33.390143, 126.222506
33.389630, 126.224758
33.389441, 126.225657
33.389346, 126.225726
33.389149, 126.225755
33.389117, 126.225857
33.389385, 126.227327
33.389503, 126.227617
33.389461, 126.228247
33.389519, 126.228518
33.389688, 126.228702
33.389915, 126.228795
33.390188, 126.229046
33.390256, 126.229175
33.390212, 126.229219
33.389511, 126.229630
33.389351, 126.229839
33.389291, 126.229902
33.389165, 126.229846
33.389062, 126.229831
33.388668, 126.230092
33.388519, 126.230186
33.388508, 126.230246
33.388543, 126.230342
33.388537, 126.230361
33.388565, 126.230410
33.388981, 126.230993
33.389087, 126.231056
33.389196, 126.231042
33.389272, 126.231116
33.389394, 126.231364
33.389511, 126.232282
33.389204, 126.232695
33.389109, 126.232987
33.389420, 126.234785
33.389639, 126.235112
33.389660, 126.235185
33.389723, 126.235260
33.390359, 126.235941
33.390556, 126.236037
33.391354, 126.235920
33.391621, 126.235839
33.391700, 126.235904
33.391725, 126.236145
33.391801, 126.236372
33.392375, 126.236764
33.393288, 126.237836
33.393540, 126.238013
33.394077, 126.238829
33.394434, 126.239958
33.394663, 126.240453
33.394666, 126.240537
33.394656, 126.240589
33.394898, 126.241311
33.395304, 126.241962
33.395416, 126.242027
33.395826, 126.242042
33.396169, 126.242194
33.396718, 126.242844
33.396832, 126.242939
33.398143, 126.243367
33.398262, 126.243341
33.398344, 126.243255
33.398432, 126.243235
33.398512, 126.243257
33.398605, 126.243375
33.398643, 126.243636
33.398588, 126.244136
33.398772, 126.244662
33.398898, 126.244736
33.398934, 126.244846
33.398900, 126.245596
33.398982, 126.246061
33.398960, 126.246440
33.399010, 126.246576
33.400072, 126.248470
33.400763, 126.250020
33.401922, 126.251143
33.402112, 126.251193
33.402252, 126.251057
33.402938, 126.250774
33.403355, 126.250840
33.403979, 126.251366
33.404321, 126.251437
33.404435, 126.251379
33.404655, 126.251167
33.404716, 126.251188
33.404774, 126.251440
33.404839, 126.251559
33.405343, 126.251790
33.405623, 126.252195
33.405716, 126.252292
33.406041, 126.252387
33.406142, 126.252552
33.406161, 126.252881
33.406016, 126.253200
33.405498, 126.253777
33.405471, 126.253906
33.405538, 126.254086
33.405697, 126.254301
33.405817, 126.254337
33.406202, 126.254114
33.406939, 126.253466
33.407003, 126.253518
33.407032, 126.254128
33.407074, 126.254219
33.407187, 126.254188
33.407763, 126.253784
33.407925, 126.253771
33.410064, 126.255907
33.411532, 126.257386
33.411846, 126.257868
33.413021, 126.259031
33.415465, 126.261544
33.415673, 126.261577
33.415708, 126.261679
33.415711, 126.261990
33.415940, 126.262556
33.416486, 126.262935
33.416716, 126.262961
33.418666, 126.262347
33.418934, 126.262387
33.418934, 126.262387
33.418934, 126.262387