33.466922, 126.337767
33.466825, 126.338139
33.467011, 126.338425
33.467338, 126.339227
33.467778, 126.339614
33.468372, 126.339802
33.468393, 126.339815
33.468461, 126.339901
33.469515, 126.340198
33.470026, 126.340528
33.470051, 126.340601
33.470044, 126.340648
33.470074, 126.340679
33.470167, 126.340740
33.470587, 126.341228
33.471042, 126.342151
33.471338, 126.342512
33.471344, 126.342581
33.471315, 126.342621
33.471312, 126.342692
33.471390, 126.342834
33.471404, 126.342929
33.471372, 126.343152
33.471378, 126.343238
33.471349, 126.343219
33.471329, 126.343214
33.471405, 126.343413
33.472003, 126.345277
33.472111, 126.346026
33.472248, 126.346315
33.472862, 126.346846
33.473098, 126.347363
33.472990, 126.349554
33.472834, 126.350652
33.472668, 126.351131
33.472729, 126.351309
33.473401, 126.352052
33.474330, 126.352426
33.474898, 126.352419
33.474991, 126.352438
33.475218, 126.352653
33.475239, 126.352737
33.475181, 126.352833
33.475171, 126.352880
33.475370, 126.352943
33.476752, 126.353306
33.477295, 126.353832
33.477349, 126.353971
33.477425, 126.354016
33.477571, 126.354043
33.477642, 126.354127
33.477847, 126.354575
33.477844, 126.354635
33.477778, 126.354621
33.477539, 126.354330
33.477514, 126.354300
33.477746, 126.354609
33.478059, 126.355197
33.478171, 126.355361
33.478575, 126.356564
33.478860, 126.356971
33.479143, 126.357938
33.479309, 126.358727
33.479259, 126.359246
33.479295, 126.359920
33.479269, 126.360175
33.479163, 126.360485
33.479178, 126.360551
33.479268, 126.360618
33.479279, 126.360694
33.478873, 126.361532
33.478179, 126.363986
33.478321, 126.365750
33.478081, 126.367381
33.478074, 126.368076
33.478047, 126.368328
33.478148, 126.368709
33.478273, 126.369305
33.478429, 126.369487
33.478684, 126.369692
33.479145, 126.370625
33.479279, 126.370777
33.479711, 126.371651
33.480130, 126.371986
33.480348, 126.372243
33.480553, 126.372755
33.480689, 126.373333
33.480735, 126.373424
33.481165, 126.373758
33.481411, 126.373862
33.481627, 126.374015
33.481675, 126.374116
33.481660, 126.374211
33.481696, 126.374320
33.482412, 126.375644
33.483359, 126.376444
33.483622, 126.376700
33.483691, 126.376908
33.483710, 126.376984
33.483764, 126.377037
33.483861, 126.377070
33.483879, 126.377108
33.483852, 126.377207
33.483499, 126.377694
33.483138, 126.377887
33.482612, 126.377894
33.482362, 126.377759
33.482237, 126.377764
33.481640, 126.378069
33.481599, 126.378201
33.481581, 126.378898
33.481426, 126.379173
33.481501, 126.380048
33.481620, 126.380517
33.481588, 126.380580
33.481131, 126.380767
33.477415, 126.381354
33.476185, 126.381405
33.476068, 126.381362
33.475977, 126.381238
33.475963, 126.381194
33.475974, 126.381185
33.475987, 126.381185
33.475980, 126.381184
33.475930, 126.381191
33.475329, 126.381344
33.474742, 126.381499
33.474686, 126.381602
33.474646, 126.381881
33.474679, 126.382008
33.474779, 126.382228
33.474770, 126.382271
33.474716, 126.382257
33.474015, 126.382072
33.472677, 126.382160
33.472400, 126.382362
33.472033, 126.383044
33.471469, 126.384894
33.471353, 126.385452
33.471456, 126.386201
33.471659, 126.386443
33.471824, 126.386467
33.473073, 126.386651
33.473243, 126.386862
33.473319, 126.387139
33.473283, 126.387505
33.472244, 126.390869
33.472147, 126.391048
33.472077, 126.391068
33.471892, 126.391043
33.471648, 126.390878
33.471008, 126.389920
33.470674, 126.389189
33.469720, 126.388983
33.469572, 126.388925
33.469257, 126.388157
33.469006, 126.387595
33.468760, 126.387430
33.468176, 126.387302
33.467894, 126.387440
33.467590, 126.387840
33.467686, 126.388754
33.467693, 126.389188
33.467649, 126.389326
33.467539, 126.389425
33.467283, 126.389520
33.467201, 126.389629
33.467044, 126.389917
33.466876, 126.389999
33.466710, 126.389965
33.465489, 126.389376
33.465297, 126.389441
33.464626, 126.390272
33.464476, 126.390535
33.464525, 126.390716
33.464840, 126.391593
33.464865, 126.392521
33.464325, 126.392959
33.464243, 126.393043
33.464242, 126.393193
33.464282, 126.393334
33.464235, 126.393434
33.463517, 126.394041
33.463317, 126.394332
33.463227, 126.394434
33.463060, 126.394473
33.462100, 126.394277
33.461716, 126.394474
33.461416, 126.394577
33.460598, 126.394462
33.459902, 126.394643
33.459298, 126.395170
33.458836, 126.395566
33.458829, 126.395685
33.458939, 126.395810
33.459525, 126.396165
33.459548, 126.396594
33.459428, 126.397118
33.459276, 126.397232
33.458027, 126.397207
33.457426, 126.397095
33.456898, 126.396576
33.456790, 126.396559
33.456715, 126.396604
33.456422, 126.397304
33.456336, 126.397410
33.455829, 126.397587
33.455515, 126.397839
33.455465, 126.397944
33.455493, 126.398000
33.455518, 126.398054
33.455488, 126.398152
33.455428, 126.398207
33.455249, 126.398291
33.455199, 126.398411
33.455229, 126.398639
33.455512, 126.399501
33.455553, 126.399538
33.455567, 126.399600
33.455579, 126.399758
33.455856, 126.400549
33.455828, 126.401072
33.455719, 126.401260
33.455236, 126.401351
33.455102, 126.401342
33.455044, 126.401367
33.454836, 126.401501
33.454734, 126.401522
33.454735, 126.401504
33.454769, 126.401503
33.454891, 126.401625
33.454944, 126.401714
33.454921, 126.401762
33.454840, 126.401729
33.454754, 126.401684
33.454807, 126.401753
33.454941, 126.401857
33.454790, 126.401915
33.454608, 126.401897
33.454306, 126.401510
33.454234, 126.401355
33.454218, 126.401282
33.454100, 126.401154
33.453990, 126.401113
33.453529, 126.401366
33.453388, 126.401575
33.452833, 126.402982
33.451895, 126.403450
33.450114, 126.404798
33.449814, 126.406092
33.449830, 126.406500
33.449949, 126.406598
33.450326, 126.406738
33.450688, 126.407188
33.451356, 126.407418
33.452468, 126.408657
33.452554, 126.409015
33.452771, 126.408940
33.452895, 126.408974
33.453240, 126.409519
33.453336, 126.410244
33.453325, 126.410375
33.453351, 126.410430
33.453600, 126.410732
33.453709, 126.410993
33.453698, 126.411129
33.453547, 126.411382
33.453084, 126.411617
33.452736, 126.412210
33.452692, 126.412486
33.452515, 126.412955
33.452514, 126.413069
33.452583, 126.413145
33.452934, 126.413507
33.452964, 126.413608
33.452931, 126.413739
33.452716, 126.413934
33.452553, 126.414133
33.452552, 126.414238
33.452749, 126.414407
33.453130, 126.414621
33.453186, 126.414704
33.453193, 126.414806
33.452707, 126.415975
33.452514, 126.416183
33.452014, 126.416332
33.451831, 126.416486
33.451632, 126.416601
33.451327, 126.416608
33.450201, 126.416254
33.449410, 126.416319
33.448463, 126.416921
33.448360, 126.416985
33.448393, 126.416952
33.449414, 126.416217
33.451156, 126.416359
33.452055, 126.416762
33.452890, 126.416837
33.452974, 126.416919
33.452990, 126.417032
33.453041, 126.417071
33.453342, 126.417095
33.453896, 126.417455
33.454006, 126.417630
33.454016, 126.417714
33.453938, 126.417838
33.453592, 126.418382
33.453634, 126.418736
33.453811, 126.418988
33.453927, 126.419017
33.454040, 126.419019
33.454226, 126.419269
33.454329, 126.419351
33.454723, 126.419316
33.454819, 126.419330
33.454851, 126.419428
33.454765, 126.420035
33.454361, 126.420889
33.453524, 126.421844
33.453278, 126.422296
33.452309, 126.423253
33.452225, 126.423924
33.452096, 126.424857
33.452125, 126.425400
33.452173, 126.425539
33.452679, 126.426102
33.452869, 126.426769
33.453081, 126.427140
33.453360, 126.427344
33.453773, 126.427626
33.454284, 126.427726
33.454602, 126.427899
33.454937, 126.428439
33.455022, 126.428541
33.455206, 126.428591
33.455293, 126.428655
33.455446, 126.429050
33.455520, 126.429165
33.455703, 126.429247
33.455774, 126.429363
33.456034, 126.430128
33.455997, 126.430249
33.455874, 126.430482
33.455872, 126.430709
33.455933, 126.430817
33.456006, 126.430836
33.456205, 126.430799
33.456319, 126.430853
33.456699, 126.431303
33.456819, 126.431347
33.457195, 126.431374
33.457256, 126.431421
33.457294, 126.431552
33.457271, 126.431886
33.457292, 126.432032
33.457457, 126.432240
33.457808, 126.432364
33.457879, 126.432475
33.458123, 126.433301
33.458155, 126.433652
33.458227, 126.433770
33.458682, 126.434095
33.458929, 126.433976
33.459031, 126.433969
33.459090, 126.434055
33.459267, 126.434494
33.459265, 126.435794
33.459298, 126.435916
33.459419, 126.436034
33.459860, 126.436258
33.460399, 126.436140
33.460569, 126.436192
33.460617, 126.436303
33.460918, 126.438465
33.460941, 126.439182
33.466922, 126.337767
33.466922, 126.337767
33.468346, 126.339799
33.471338, 126.342512
33.471378, 126.343230