33.461027, 126.439270
33.460960, 126.439265
33.460909, 126.439691
33.460972, 126.439923
33.460957, 126.441888
33.460795, 126.444600
33.460245, 126.446374
33.460267, 126.446817
33.460850, 126.447898
33.461098, 126.448203
33.461297, 126.448270
33.461847, 126.448266
33.462400, 126.447994
33.463112, 126.447191
33.463925, 126.446764
33.464516, 126.446611
33.464757, 126.446385
33.465116, 126.445954
33.467018, 126.445446
33.467975, 126.445745
33.469062, 126.445553
33.469965, 126.445691
33.470812, 126.445658
33.472452, 126.444890
33.473461, 126.444330
33.473735, 126.444082
33.474018, 126.443979
33.475640, 126.443902
33.476020, 126.443591
33.476433, 126.443536
33.477650, 126.443428
33.477751, 126.443360
33.477808, 126.443183
33.477666, 126.442142
33.477742, 126.441923
33.478004, 126.441651
33.478308, 126.441392
33.478330, 126.441196
33.478341, 126.440982
33.478409, 126.440911
33.478615, 126.440906
33.478731, 126.440866
33.478899, 126.440603
33.478991, 126.440512
33.479125, 126.440508
33.480346, 126.441195
33.480820, 126.441354
33.481908, 126.442017
33.482104, 126.442136
33.482387, 126.442218
33.482474, 126.442295
33.482487, 126.442480
33.482414, 126.442554
33.482335, 126.442565
33.482289, 126.442524
33.482275, 126.442447
33.482555, 126.440218
33.482645, 126.440136
33.483192, 126.440028
33.483732, 126.440061
33.484726, 126.439489
33.485984, 126.439317
33.486101, 126.439279
33.486289, 126.438951
33.486329, 126.438809
33.486855, 126.437159
33.487031, 126.436939
33.487666, 126.436811
33.488534, 126.436717
33.489694, 126.435583
33.491390, 126.434908
33.492104, 126.434937
33.492320, 126.435215
33.492705, 126.436303
33.492819, 126.436376
33.492824, 126.436406
33.492811, 126.436421
33.492809, 126.436402
33.492825, 126.436405
33.492919, 126.436498
33.493017, 126.436550
33.493191, 126.436524
33.493357, 126.436405
33.493593, 126.436105
33.493883, 126.436018
33.494208, 126.435730
33.494222, 126.435672
33.494182, 126.435661
33.494138, 126.435701
33.494111, 126.435767
33.494257, 126.436495
33.494332, 126.436750
33.494479, 126.436825
33.495010, 126.436842
33.495296, 126.436607
33.495365, 126.436636
33.495428, 126.436664
33.495455, 126.436640
33.495455, 126.436638
33.495445, 126.436661
33.495504, 126.436733
33.495722, 126.437029
33.495806, 126.437390
33.495756, 126.437593
33.495714, 126.437692
33.495699, 126.437695
33.495709, 126.437695
33.495734, 126.437709
33.495693, 126.437795
33.495596, 126.438052
33.495576, 126.438585
33.496128, 126.440666
33.496321, 126.441044
33.497145, 126.442299
33.497169, 126.442611
33.497232, 126.442906
33.497526, 126.443301
33.497873, 126.443594
33.497964, 126.443915
33.497941, 126.444226
33.498032, 126.444519
33.498207, 126.444714
33.498396, 126.444910
33.498431, 126.445030
33.498354, 126.445161
33.498289, 126.445517
33.498285, 126.445618
33.498290, 126.445625
33.498208, 126.445635
33.497818, 126.445698
33.497747, 126.445786
33.497735, 126.446119
33.497766, 126.446986
33.498008, 126.447926
33.497965, 126.448324
33.497634, 126.449009
33.497475, 126.449195
33.497396, 126.449235
33.497342, 126.449233
33.497304, 126.449326
33.497281, 126.449429
33.497298, 126.449443
33.497281, 126.449495
33.496941, 126.450212
33.496910, 126.450993
33.497115, 126.452341
33.497612, 126.453138
33.497681, 126.453200
33.497691, 126.453195
33.497707, 126.453198
33.497818, 126.453310
33.497965, 126.453491
33.498270, 126.453725
33.498288, 126.453849
33.498286, 126.453972
33.498971, 126.454424
33.499262, 126.454571
33.499395, 126.454650
33.499960, 126.454826
33.500201, 126.455227
33.500876, 126.455668
33.501188, 126.456038
33.501670, 126.457246
33.501724, 126.457446
33.501607, 126.457623
33.501551, 126.457755
33.501628, 126.458547
33.501852, 126.458892
33.502050, 126.459167
33.502134, 126.459444
33.502274, 126.459828
33.502256, 126.460486
33.502346, 126.460568
33.503202, 126.460563
33.503310, 126.460599
33.503368, 126.460734
33.502948, 126.462067
33.502872, 126.462998
33.502946, 126.463104
33.505029, 126.463559
33.506127, 126.463793
33.506271, 126.464206
33.506365, 126.465794
33.506461, 126.465891
33.506534, 126.465934
33.506547, 126.465941
33.506550, 126.465903
33.506537, 126.465860
33.506540, 126.465871
33.506563, 126.465923
33.506602, 126.466004
33.506610, 126.466559
33.506653, 126.466666
33.506788, 126.466715
33.507230, 126.466699
33.507272, 126.466792
33.507264, 126.466990
33.507308, 126.467028
33.507483, 126.466951
33.507695, 126.466938
33.508229, 126.466813
33.508374, 126.466821
33.508386, 126.466860
33.508352, 126.466940
33.508077, 126.467148
33.508057, 126.467276
33.508093, 126.467576
33.508003, 126.468252
33.507922, 126.468418
33.507825, 126.468429
33.507538, 126.468500
33.507322, 126.468602
33.506748, 126.468641
33.506685, 126.468762
33.506651, 126.468845
33.506544, 126.468927
33.506192, 126.468988
33.506018, 126.468972
33.505957, 126.469009
33.505682, 126.469375
33.505659, 126.469520
33.505808, 126.470441
33.505863, 126.470779
33.505710, 126.472574
33.505967, 126.473492
33.506046, 126.473600
33.506269, 126.473670
33.506352, 126.473776
33.507179, 126.475653
33.507278, 126.476166
33.507328, 126.476419
33.507505, 126.476410
33.508710, 126.476127
33.508781, 126.476158
33.508799, 126.476302
33.508792, 126.477239
33.508972, 126.477856
33.509118, 126.478156
33.509724, 126.480349
33.510251, 126.481328
33.510823, 126.483455
33.513154, 126.484400
33.515512, 126.485400
33.517683, 126.487120
33.517754, 126.487180
33.517784, 126.487164
33.517847, 126.487206
33.517957, 126.487348
33.518771, 126.488879
33.519168, 126.490599
33.519591, 126.492707
33.520086, 126.494465
33.520051, 126.497344
33.519536, 126.499201
33.518569, 126.499741
33.517779, 126.500018
33.517511, 126.500382
33.517273, 126.501817
33.517145, 126.503041
33.517122, 126.503001
33.517144, 126.502794
33.517220, 126.502421
33.517245, 126.502437
33.517255, 126.502620
33.516768, 126.504174
33.516828, 126.505089
33.516732, 126.505593
33.516367, 126.506410
33.516254, 126.508052
33.515667, 126.510389
33.515693, 126.510602
33.515744, 126.510620
33.515864, 126.510568
33.515886, 126.510594
33.515873, 126.510703
33.515816, 126.510891
33.515809, 126.511079
33.515741, 126.511173
33.515624, 126.511355
33.515615, 126.511464
33.515676, 126.511561
33.515697, 126.511654
33.515667, 126.512265
33.515730, 126.512617
33.515688, 126.512752
33.515499, 126.512952
33.515223, 126.513136
33.515156, 126.513345
33.515150, 126.513603
33.514969, 126.514024
33.514849, 126.514264
33.514812, 126.514499
33.514707, 126.514616
33.514489, 126.514850
33.514460, 126.514930
33.514468, 126.514964
33.514454, 126.514984
33.514388, 126.515009
33.513621, 126.514945
33.513615, 126.514979
33.513751, 126.515027
33.514426, 126.515027
33.514899, 126.514765
33.515601, 126.514781
33.515952, 126.514971
33.516127, 126.514919
33.516610, 126.515011
33.516897, 126.515215
33.517089, 126.515494
33.517131, 126.515718
33.517092, 126.515786
33.516982, 126.515853
33.516362, 126.515987
33.516301, 126.516066
33.516394, 126.516340
33.516450, 126.516436
33.516543, 126.516473
33.516652, 126.516447
33.516673, 126.516480
33.516685, 126.516680
33.516627, 126.516804
33.516482, 126.517006
33.516499, 126.517174
33.516533, 126.517766
33.516456, 126.517874
33.516200, 126.517997
33.515450, 126.518107
33.515343, 126.518157
33.514679, 126.518542
33.514586, 126.518678
33.514609, 126.518753
33.514879, 126.519449
33.514871, 126.519594
33.514764, 126.519745
33.514261, 126.520099
33.514123, 126.520408
33.514044, 126.521268
33.513996, 126.521302
33.513439, 126.521215
33.513263, 126.521276
33.513164, 126.521464
33.513141, 126.521577
33.513128, 126.521564
33.513097, 126.521483
33.513090, 126.521364
33.513026, 126.521286
33.512867, 126.521224
33.512204, 126.521255
33.511954, 126.521406
33.511649, 126.521848
33.511342, 126.521985
33.511281, 126.522066
33.511284, 126.522239
33.511429, 126.522753
33.511380, 126.523000
33.511317, 126.523119
33.511317, 126.523157
33.511332, 126.523160
33.511373, 126.523065
33.511429, 126.522687
33.511357, 126.522652
33.510897, 126.522740
33.510784, 126.522835
33.510731, 126.523019
33.510617, 126.523215
33.509968, 126.523448
33.509626, 126.523412
33.509569, 126.523411
33.509614, 126.524097
33.509752, 126.524446
33.509893, 126.524480
33.509985, 126.524532
33.510243, 126.524921
33.510302, 126.525049
33.510294, 126.525101
33.510243, 126.525154
33.510193, 126.525186
33.510210, 126.525256
33.510249, 126.525318
33.510325, 126.525337
33.510374, 126.525396
33.510468, 126.525648
33.510470, 126.525729
33.510545, 126.525699
33.511252, 126.525385
33.511349, 126.525410
33.511385, 126.525513
33.511427, 126.525856
33.511428, 126.526108
33.511881, 126.526200
33.511995, 126.526261
33.512344, 126.526805
33.512753, 126.527040
33.512910, 126.527245
33.512947, 126.527300
33.512964, 126.527304
33.512967, 126.527294
33.512989, 126.527280
33.513142, 126.527242
33.513309, 126.527187
33.513384, 126.527221
33.513470, 126.527275
33.513508, 126.527286