33.451674, 126.923680
33.451663, 126.923652
33.451654, 126.923620
33.451651, 126.923580
33.451651, 126.923535
33.451657, 126.923398
33.451656, 126.923346
33.451645, 126.923298
33.451626, 126.923255
33.451598, 126.923215
33.451408, 126.922998
33.451348, 126.922918
33.451300, 126.922828
33.450786, 126.921663
33.450769, 126.921621
33.450761, 126.921587
33.450761, 126.921564
33.450770, 126.921549
33.450783, 126.921540
33.450814, 126.921538
33.450884, 126.921552
33.451148, 126.921615
33.451230, 126.921650
33.451299, 126.921713
33.451700, 126.922205
33.453189, 126.923551
33.453264, 126.923607
33.453346, 126.923648
33.453786, 126.923813
33.454261, 126.923839
33.454461, 126.923873
33.454550, 126.923879
33.454638, 126.923866
33.455022, 126.923771
33.455063, 126.923755
33.455096, 126.923730
33.455123, 126.923694
33.455143, 126.923649
33.455174, 126.923552
33.455216, 126.923464
33.455279, 126.923394
33.455469, 126.923236
33.456807, 126.922558
33.457129, 126.922482
33.458272, 126.922415
33.458358, 126.922395
33.458435, 126.922346
33.458659, 126.922150
33.458691, 126.922118
33.458715, 126.922087
33.458731, 126.922055
33.458739, 126.922023
33.458743, 126.921991
33.458736, 126.921943
33.458705, 126.921863
33.458621, 126.921668
33.458587, 126.921570
33.458568, 126.921466
33.458539, 126.921184
33.458542, 126.920759
33.458540, 126.920529
33.458551, 126.920425
33.458584, 126.920327
33.458723, 126.920034
33.458777, 126.919953
33.458850, 126.919897
33.459521, 126.919537
33.459716, 126.919421
33.459754, 126.919402
33.459789, 126.919395
33.459819, 126.919399
33.459846, 126.919414
33.459896, 126.919456
33.460211, 126.919738
33.460499, 126.920132
33.460686, 126.920335
33.460740, 126.920416
33.460766, 126.920514
33.460833, 126.921071
33.460839, 126.921177
33.460830, 126.921283
33.460815, 126.921384
33.460813, 126.921428
33.460825, 126.921459
33.460849, 126.921477
33.460886, 126.921483
33.460972, 126.921482
33.461103, 126.921436
33.461334, 126.921295
33.461849, 126.921166
33.462140, 126.921167
33.462224, 126.921186
33.462294, 126.921242
33.462399, 126.921365
33.462432, 126.921398
33.462465, 126.921419
33.462500, 126.921430
33.462537, 126.921431
33.462573, 126.921426
33.462591, 126.921419
33.462609, 126.921405
33.462626, 126.921384
33.462642, 126.921354
33.462658, 126.921321
33.462669, 126.921292
33.462674, 126.921273
33.462674, 126.921258
33.462652, 126.921134
33.462623, 126.921035
33.462571, 126.920951
33.462529, 126.920900
33.462512, 126.920871
33.462503, 126.920836
33.462501, 126.920793
33.462507, 126.920744
33.462534, 126.920596
33.462540, 126.920546
33.462540, 126.920502
33.462533, 126.920464
33.462519, 126.920431
33.462503, 126.920401
33.462477, 126.920371
33.462433, 126.920340
33.462406, 126.920325
33.462393, 126.920312
33.462382, 126.920287
33.462372, 126.920251
33.462362, 126.920204
33.462280, 126.919695
33.462257, 126.919603
33.462249, 126.919509
33.462270, 126.919411
33.462307, 126.919308
33.462333, 126.919231
33.462342, 126.919198
33.462342, 126.919193
33.462334, 126.919166
33.462310, 126.919096
33.462279, 126.919005
33.462256, 126.918965
33.462250, 126.918951
33.462255, 126.918952
33.462272, 126.918967
33.462300, 126.918996
33.462766, 126.919497
33.463008, 126.919735
33.463062, 126.919792
33.463084, 126.919823
33.463088, 126.919833
33.463087, 126.919843
33.463080, 126.919864
33.463067, 126.919896
33.463048, 126.919938
33.463023, 126.919995
33.463004, 126.920064
33.463000, 126.920159
33.463002, 126.920233
33.463008, 126.920270
33.463022, 126.920305
33.463045, 126.920339
33.463076, 126.920372
33.463155, 126.920443
33.463305, 126.920523
33.463383, 126.920575
33.463454, 126.920640
33.463546, 126.920742
33.463764, 126.920873
33.463846, 126.920905
33.463933, 126.920903
33.464382, 126.920806
33.464804, 126.920698
33.464843, 126.920685
33.464874, 126.920668
33.464895, 126.920648
33.464907, 126.920624
33.464915, 126.920598
33.464915, 126.920553
33.464897, 126.920469
33.464733, 126.918949
33.464732, 126.918911
33.464741, 126.918858
33.464772, 126.918776
33.464795, 126.918721
33.464809, 126.918696
33.464829, 126.918676
33.464853, 126.918662
33.464883, 126.918652
33.464916, 126.918646
33.464935, 126.918647
33.464959, 126.918657
33.464988, 126.918675
33.465022, 126.918703
33.465064, 126.918739
33.465105, 126.918791
33.465146, 126.918872
33.465223, 126.919056
33.465270, 126.919146
33.465332, 126.919222
33.465522, 126.919411
33.465739, 126.919759
33.465751, 126.919799
33.465760, 126.919850
33.465762, 126.919922
33.465761, 126.920005
33.465715, 126.920019
33.464690, 126.919151
33.464658, 126.919122
33.464638, 126.919100
33.464628, 126.919082
33.464629, 126.919070
33.464635, 126.919061
33.464639, 126.919028
33.464641, 126.918945
33.464643, 126.918754
33.464642, 126.918717
33.464648, 126.918664
33.464670, 126.918578
33.464735, 126.918352
33.464773, 126.918256
33.464827, 126.918172
33.465008, 126.917946
33.465075, 126.917875
33.465151, 126.917819
33.465275, 126.917744
33.465312, 126.917716
33.465341, 126.917682
33.465363, 126.917640
33.465378, 126.917591
33.466223, 126.913638
33.466237, 126.913533
33.466234, 126.913426
33.466217, 126.913272
33.466210, 126.913224
33.466199, 126.913187
33.466186, 126.913161
33.466171, 126.913147
33.466154, 126.913138
33.466119, 126.913138
33.466050, 126.913158
33.464191, 126.913792
33.463674, 126.914057
33.462952, 126.914282
33.462591, 126.914341
33.462503, 126.914363
33.462420, 126.914402
33.462302, 126.914470
33.462230, 126.914528
33.462176, 126.914609
33.462070, 126.914826
33.462015, 126.914905
33.461941, 126.914958
33.461691, 126.915074
33.461558, 126.915088
33.461472, 126.915090
33.461393, 126.915077
33.461355, 126.915066
33.461337, 126.915068
33.461320, 126.915084
33.461304, 126.915114
33.461288, 126.915158
33.461254, 126.915277
33.461236, 126.915323
33.461210, 126.915358
33.461177, 126.915383
33.461136, 126.915398
33.460436, 126.915545
33.459883, 126.915555
33.459757, 126.915540
33.458379, 126.915754
33.458292, 126.915753
33.458208, 126.915724
33.458031, 126.915630
33.457707, 126.915322
33.457035, 126.914931
33.456408, 126.914720
33.455770, 126.914249
33.455009, 126.913658
33.454970, 126.913644
33.454924, 126.913614
33.454866, 126.913555
33.454777, 126.913452
33.454706, 126.913394
33.454622, 126.913370
33.454545, 126.913364
33.454465, 126.913366
33.454381, 126.913387
33.452925, 126.913881
33.452643, 126.913955
33.451402, 126.914414
33.450906, 126.914489
33.450828, 126.914489
33.450773, 126.914464
33.450751, 126.914446
33.450725, 126.914407
33.450692, 126.914329
33.450642, 126.914196
33.450614, 126.914116
33.450603, 126.914074
33.450602, 126.914049
33.450605, 126.913646
33.450450, 126.912634
33.450422, 126.912522
33.450408, 126.912419
33.450415, 126.912314
33.450427, 126.912246
33.450430, 126.912169
33.450415, 126.912074
33.450389, 126.911961
33.450344, 126.911871
33.450306, 126.911777
33.450284, 126.911674
33.450201, 126.911035
33.449976, 126.910284
33.449957, 126.910181
33.449961, 126.910076
33.449994, 126.909849
33.450002, 126.909743
33.449995, 126.909637
33.449952, 126.909313
33.449891, 126.909070
33.449752, 126.907936
33.449674, 126.907744
33.449591, 126.907626
33.449540, 126.907539
33.449506, 126.907441
33.449475, 126.907319
33.449438, 126.907224
33.449381, 126.907146
33.449281, 126.907042
33.448740, 126.906599
33.448328, 126.906016
33.448280, 126.905928
33.448253, 126.905828
33.448187, 126.905405
33.448227, 126.904644
33.448220, 126.904539
33.448189, 126.904441
33.448014, 126.904056
33.447365, 126.902773
33.447295, 126.902581
33.447266, 126.902481
33.447250, 126.902375
33.447166, 126.901336
33.447159, 126.901287
33.447148, 126.901246
33.447132, 126.901215
33.447111, 126.901192
33.447087, 126.901174
33.447048, 126.901160
33.446974, 126.901158
33.446919, 126.901159
33.446858, 126.901173
33.446785, 126.901213
33.446555, 126.901365
33.446487, 126.901428
33.446440, 126.901515
33.446342, 126.901773
33.446221, 126.902261
33.446046, 126.902685
33.445909, 126.903223
33.445899, 126.903428
33.445893, 126.903474
33.445881, 126.903507
33.445863, 126.903525
33.445839, 126.903529
33.445811, 126.903526
33.445775, 126.903504
33.445723, 126.903444
33.445511, 126.903170
33.445457, 126.903086
33.445417, 126.902991
33.445343, 126.902757
33.445295, 126.902386
33.445205, 126.902002
33.445169, 126.901909
33.445107, 126.901837
33.444879, 126.901649
33.444844, 126.901628
33.444813, 126.901627
33.444786, 126.901645
33.444764, 126.901683
33.444701, 126.901830
33.444678, 126.901871
33.444651, 126.901899
33.444620, 126.901914
33.444584, 126.901916
33.444508, 126.901906
33.444318, 126.901856
33.444230, 126.901843
33.444141, 126.901847
33.443788, 126.901902
33.443164, 126.901930
33.442684, 126.902007
33.442595, 126.902011
33.442508, 126.901994
33.442345, 126.901942
33.442298, 126.901909
33.442245, 126.901890
33.442180, 126.901898
33.442145, 126.901908
33.442102, 126.901935
33.442044, 126.901992
33.441757, 126.902306
33.441496, 126.902816
33.441330, 126.903047
33.441127, 126.903503
33.440839, 126.903981
33.440506, 126.904276
33.440053, 126.904847
33.439992, 126.904908
33.439933, 126.904932
33.439904, 126.904936
33.439861, 126.904930
33.439790, 126.904904
33.439560, 126.904809
33.439240, 126.904773
33.439158, 126.904638
33.439093, 126.904708
33.439021, 126.904764
33.438937, 126.904792
33.437965, 126.904930
33.437408, 126.905089
33.437065, 126.905081
33.436823, 126.905036
33.436780, 126.905024
33.436743, 126.905002
33.436710, 126.904972
33.436682, 126.904932
33.436555, 126.904720
33.436453, 126.904628
33.436387, 126.904557
33.436336, 126.904470
33.436161, 126.904103
33.436123, 126.904007
33.436100, 126.903904
33.436002, 126.903271
33.435995, 126.903165
33.436007, 126.903060
33.436036, 126.902916
33.436069, 126.902819
33.436124, 126.902739
33.436176, 126.902684
33.436237, 126.902644
33.436317, 126.902633
33.436503, 126.902643
33.436544, 126.902641
33.436578, 126.902630
33.436604, 126.902611
33.436623, 126.902583
33.436638, 126.902550
33.436650, 126.902522
33.436654, 126.902505
33.436654, 126.902493
33.436653, 126.902357
33.436665, 126.902253
33.436699, 126.902157
33.436751, 126.902052
33.436803, 126.901967
33.436871, 126.901899
33.436981, 126.901808
33.437059, 126.901764
33.437145, 126.901756
33.437356, 126.901779
33.437444, 126.901775
33.437527, 126.901742
33.437593, 126.901703
33.437655, 126.901673
33.437712, 126.901661
33.437739, 126.901659
33.437773, 126.901637
33.437825, 126.901576
33.438006, 126.901330
33.438280, 126.901135
33.438419, 126.901091
33.438505, 126.901082
33.438587, 126.901111
33.438720, 126.901188
33.438795, 126.901244
33.438858, 126.901318
33.438916, 126.901403
33.438952, 126.901466
33.438973, 126.901491
33.439000, 126.901506
33.439034, 126.901509
33.439074, 126.901500
33.439659, 126.901666
33.439666, 126.901573
33.439667, 126.901529
33.439662, 126.901491
33.439651, 126.901458
33.439634, 126.901431
33.439615, 126.901406
33.439601, 126.901396
33.439578, 126.901391
33.439546, 126.901389
33.439506, 126.901392
33.439171, 126.901428
33.439090, 126.901448
33.439028, 126.901489
33.439001, 126.901515
33.438971, 126.901559
33.438933, 126.901637
33.438891, 126.901736
33.438841, 126.901821
33.438772, 126.901886
33.438491, 126.902083
33.438100, 126.902236
33.438057, 126.902247
33.438017, 126.902246
33.437977, 126.902234
33.437938, 126.902211
33.437894, 126.902176
33.437851, 126.902126
33.437810, 126.902045
33.437711, 126.901796
33.437689, 126.901754
33.437662, 126.901724
33.437629, 126.901707
33.437592, 126.901703
33.437552, 126.901705
33.437502, 126.901717
33.437431, 126.901752
33.437332, 126.901806
33.437248, 126.901842
33.437161, 126.901860
33.437016, 126.901873
33.436931, 126.901896
33.436855, 126.901948
33.436790, 126.902009
33.436731, 126.902080
33.436687, 126.902169
33.436659, 126.902242
33.436639, 126.902324
33.436635, 126.902423
33.436638, 126.902539
33.436637, 126.902588
33.436629, 126.902627
33.436614, 126.902656
33.436594, 126.902675
33.436570, 126.902690
33.436530, 126.902696
33.436458, 126.902686
33.435999, 126.902593
33.435961, 126.902579
33.435936, 126.902553
33.435923, 126.902517
33.435924, 126.902469
33.436161, 126.900604
33.436211, 126.900400
33.436220, 126.900349
33.436219, 126.900299
33.436210, 126.900250
33.436192, 126.900203
33.436139, 126.900091
33.435751, 126.899616
33.435298, 126.899132
33.435240, 126.899053
33.435200, 126.898959
33.435182, 126.898899
33.435169, 126.898843
33.435164, 126.898795
33.435163, 126.898751
33.435198, 126.898492
33.435202, 126.898444
33.435200, 126.898405
33.435191, 126.898375
33.435176, 126.898354
33.435158, 126.898338
33.435145, 126.898333
33.435123, 126.898333
33.435092, 126.898338
33.435053, 126.898349
33.434680, 126.898466
33.434273, 126.898664
33.434236, 126.898681
33.434205, 126.898691
33.434183, 126.898693
33.434168, 126.898688
33.434157, 126.898679
33.434151, 126.898668
33.434145, 126.898646
33.434140, 126.898611
33.434134, 126.898563
33.434116, 126.898395
33.434095, 126.898292
33.434055, 126.898198
33.433904, 126.897921
33.433864, 126.897827
33.433842, 126.897724
33.433830, 126.897627
33.433811, 126.897530
33.433776, 126.897434
33.433682, 126.897226
33.433512, 126.896467
33.433482, 126.896367
33.433437, 126.896275
33.433394, 126.896203
33.433362, 126.896144
33.433351, 126.896108
33.433351, 126.896084
33.433352, 126.896057
33.433319, 126.895732
33.433349, 126.895334
33.433360, 126.895268
33.433366, 126.895192
33.433361, 126.895096
33.433320, 126.894700
33.433379, 126.894311
33.433381, 126.894266
33.433372, 126.894237
33.433351, 126.894224
33.433318, 126.894227
33.433242, 126.894249
33.432494, 126.894568
33.432294, 126.894744
33.432227, 126.894789
33.432170, 126.894799
33.432119, 126.894790
33.431928, 126.894894
33.431943, 126.894911
33.431944, 126.894921
33.431934, 126.894936
33.431913, 126.894956
33.431880, 126.894980
33.431835, 126.895011
33.431780, 126.895037
33.431702, 126.895054
33.430498, 126.895225
33.430216, 126.895317
33.430135, 126.895357
33.430065, 126.895420
33.429965, 126.895535
33.429875, 126.895724
33.429850, 126.895766
33.429819, 126.895799
33.429783, 126.895822
33.429741, 126.895835
33.429379, 126.895905
33.429297, 126.895938
33.429228, 126.896000
33.428690, 126.896666
33.428622, 126.896734
33.428544, 126.896784
33.428362, 126.896872
33.428202, 126.896915
33.428118, 126.896921
33.428043, 126.896890
33.428007, 126.896866
33.427970, 126.896823
33.427933, 126.896744
33.427912, 126.896692
33.427894, 126.896627
33.427881, 126.896534
33.427842, 126.896152
33.427820, 126.896050
33.427777, 126.895959
33.427594, 126.895670
33.427277, 126.895170
33.427229, 126.895080
33.427196, 126.894981
33.427111, 126.894648
33.427097, 126.894544
33.427106, 126.894440
33.427232, 126.893804
33.427241, 126.893701
33.427224, 126.893602
33.427194, 126.893504
33.427099, 126.893326
33.427059, 126.893232
33.427036, 126.893129
33.427002, 126.892891
33.426982, 126.892795
33.426949, 126.892721
33.426930, 126.892689
33.426893, 126.892661
33.426822, 126.892639
33.426434, 126.892559
33.426346, 126.892553
33.426260, 126.892573
33.426118, 126.892626
33.426037, 126.892669
33.425968, 126.892733
33.425765, 126.892970
33.425734, 126.893000
33.425705, 126.893017
33.425679, 126.893019
33.425654, 126.893008
33.425631, 126.892989
33.425606, 126.892950
33.425576, 126.892870
33.425475, 126.892553
33.425451, 126.892251
33.425495, 126.891802
33.425494, 126.891697
33.425468, 126.891597
33.425420, 126.891471
33.425375, 126.891379
33.425317, 126.891299
33.425228, 126.891196
33.425159, 126.891129
33.425081, 126.891077
33.424958, 126.891012
33.424885, 126.890956
33.424830, 126.890876
33.424666, 126.890543
33.424613, 126.890460
33.424544, 126.890394
33.424479, 126.890344
33.424407, 126.890306
33.424323, 126.890288
33.424153, 126.890274
33.424064, 126.890276
33.423976, 126.890297
33.423761, 126.890371
33.423682, 126.890414
33.423616, 126.890483
33.423505, 126.890638
33.423475, 126.890674
33.423444, 126.890700
33.423411, 126.890717
33.423377, 126.890723
33.423341, 126.890724
33.423298, 126.890708
33.423237, 126.890656
33.423158, 126.890576
33.423084, 126.890518
33.423001, 126.890483
33.422890, 126.890453
33.422803, 126.890445
33.422719, 126.890468
33.422213, 126.890699
33.422127, 126.890728
33.422039, 126.890736
33.421913, 126.890735
33.421826, 126.890747
33.421745, 126.890786
33.421614, 126.890875
33.421469, 126.891034
33.421398, 126.891097
33.421317, 126.891139
33.421265, 126.891158
33.421241, 126.891173
33.421218, 126.891198
33.421198, 126.891233
33.421179, 126.891277
33.421085, 126.891550
33.421043, 126.891643
33.420985, 126.891724
33.420854, 126.891874
33.420649, 126.891999
33.420567, 126.892035
33.420479, 126.892044
33.420308, 126.892037
33.420041, 126.891950
33.419954, 126.891935
33.419867, 126.891948
33.419788, 126.891973
33.419716, 126.892014
33.419659, 126.892088
33.419458, 126.892455
33.419411, 126.892614
33.419401, 126.892664
33.419402, 126.892712
33.419414, 126.892757
33.419436, 126.892801
33.419611, 126.893068
33.420059, 126.893702
33.420080, 126.893744
33.420088, 126.893785
33.420082, 126.893827
33.420061, 126.893869
33.419936, 126.894058
33.419799, 126.894227
33.419731, 126.894293
33.419650, 126.894335
33.419570, 126.894364
33.419487, 126.894385
33.419399, 126.894387
33.418113, 126.894300
33.417089, 126.894576
33.416689, 126.894717
33.416602, 126.894736
33.416514, 126.894731
33.416075, 126.894650
33.416005, 126.894618
33.415930, 126.894598
33.415846, 126.894606
33.415790, 126.894619
33.415726, 126.894620
33.415648, 126.894597
33.415559, 126.894560
33.415485, 126.894510
33.415430, 126.894431
33.415364, 126.894293
33.415317, 126.894087
33.415306, 126.893984
33.415323, 126.893882
33.415383, 126.893676
33.415398, 126.893580
33.415382, 126.893493
33.415367, 126.893453
33.415357, 126.893436
33.415344, 126.893427
33.415327, 126.893425
33.415306, 126.893430
33.415284, 126.893439
33.415252, 126.893466
33.415202, 126.893529
33.414964, 126.893848
33.414767, 126.894011
33.414734, 126.894044
33.414708, 126.894082
33.414690, 126.894126
33.414679, 126.894174
33.414671, 126.894225
33.414671, 126.894290
33.414685, 126.894381
33.414738, 126.894647
33.414749, 126.894735
33.414741, 126.894791
33.414732, 126.894811
33.414726, 126.894815
33.414716, 126.894807
33.414701, 126.894786
33.414683, 126.894752
33.414643, 126.894674
33.414582, 126.894421
33.414567, 126.894375
33.414548, 126.894340
33.414524, 126.894316
33.414496, 126.894304
33.414465, 126.894297
33.414420, 126.894296
33.414345, 126.894306
33.414253, 126.894323
33.414168, 126.894350
33.414091, 126.894401
33.413781, 126.894664
33.413325, 126.895239
33.413257, 126.895306
33.413178, 126.895351
33.412927, 126.895450
33.412847, 126.895494
33.412777, 126.895559
33.412291, 126.896122
33.412221, 126.896185
33.412140, 126.896225
33.411409, 126.896460
33.411116, 126.896541
33.410838, 126.896732
33.410745, 126.896834
33.410711, 126.896865
33.410673, 126.896885
33.410633, 126.896895
33.410590, 126.896894
33.410488, 126.896880
33.410377, 126.896856
33.410291, 126.896854
33.410209, 126.896889
33.409659, 126.897256
33.409623, 126.897286
33.409595, 126.897322
33.409574, 126.897365
33.409560, 126.897414
33.409548, 126.897473
33.409542, 126.897544
33.409547, 126.897639
33.409564, 126.897832
33.409582, 126.897936
33.409617, 126.898034
33.409652, 126.898109
33.409699, 126.898176
33.409771, 126.898223
33.410078, 126.898364
33.410570, 126.898583
33.410644, 126.898634
33.410701, 126.898712
33.410753, 126.898816
33.410848, 126.899111
33.410864, 126.899211
33.410847, 126.899307
33.410830, 126.899355
33.410801, 126.899409
33.410747, 126.899477
33.410660, 126.899575
33.410429, 126.899771
33.410362, 126.899840
33.410307, 126.899924
33.410256, 126.900019
33.410223, 126.900113
33.410224, 126.900215
33.410274, 126.900520
33.410282, 126.900625
33.410272, 126.900731
33.410253, 126.900834
33.410226, 126.900934
33.410184, 126.901027
33.410109, 126.901159
33.410052, 126.901240
33.409983, 126.901306
33.409911, 126.901360
33.409844, 126.901423
33.409785, 126.901501
33.409608, 126.901780
33.409495, 126.902052
33.409448, 126.902141
33.409385, 126.902216
33.409212, 126.902380
33.409137, 126.902434
33.409052, 126.902459
33.408746, 126.902496
33.408660, 126.902520
33.408581, 126.902567
33.408509, 126.902623
33.408448, 126.902691
33.408409, 126.902782
33.408279, 126.903249
33.408278, 126.903258
33.408277, 126.903267
33.408275, 126.903277
33.408274, 126.903286
33.408273, 126.903295
33.408271, 126.903304
33.408269, 126.903313
33.408267, 126.903322
33.408265, 126.903332
33.408262, 126.903340
33.408259, 126.903348
33.408207, 126.903445
33.406501, 126.905460
33.405980, 126.905790
33.405899, 126.905827
33.405815, 126.905838
33.405772, 126.905837
33.405720, 126.905824
33.405648, 126.905789
33.405601, 126.905761
33.405548, 126.905745
33.405487, 126.905753
33.405453, 126.905763
33.405436, 126.905762
33.405415, 126.905748
33.405393, 126.905723
33.405368, 126.905685
33.405139, 126.905305
33.405095, 126.905213
33.405069, 126.905112
33.405025, 126.904848
33.405019, 126.904744
33.405039, 126.904642
33.405102, 126.904449
33.405166, 126.904175
33.405176, 126.904145
33.405176, 126.904130
33.405163, 126.904113
33.405139, 126.904095
33.405103, 126.904076
33.404990, 126.904022
33.404936, 126.903984
33.404873, 126.903955
33.404792, 126.903941
33.404745, 126.903938
33.404724, 126.903932
33.404709, 126.903918
33.404699, 126.903896
33.404696, 126.903865
33.404695, 126.903830
33.404701, 126.903789
33.404719, 126.903736
33.404731, 126.903707
33.404731, 126.903692
33.404719, 126.903675
33.404696, 126.903657
33.404660, 126.903637
33.404594, 126.903605
33.404522, 126.903579
33.404439, 126.903566
33.404097, 126.903542
33.404010, 126.903523
33.403930, 126.903480
33.403861, 126.903430
33.403796, 126.903370
33.403742, 126.903290
33.403579, 126.902989
33.403521, 126.902912
33.403446, 126.902860
33.403384, 126.902831
33.403315, 126.902812
33.403232, 126.902813
33.402652, 126.902879
33.402563, 126.902878
33.402477, 126.902855
33.402407, 126.902826
33.402375, 126.902809
33.402348, 126.902788
33.402328, 126.902763
33.402313, 126.902734
33.402301, 126.902702
33.402294, 126.902652
33.402297, 126.902563
33.402367, 126.901602
33.402367, 126.901468
33.402374, 126.901362
33.402396, 126.901259
33.402478, 126.900974
33.402496, 126.900871
33.402491, 126.900766
33.402431, 126.900360
33.402428, 126.900256
33.402450, 126.900154
33.402502, 126.900007
33.402674, 126.899757
33.402724, 126.899669
33.402761, 126.899573
33.402996, 126.898790
33.403014, 126.898687
33.403007, 126.898583
33.402895, 126.897979
33.402732, 126.897452
33.402713, 126.897405
33.402688, 126.897367
33.402655, 126.897337
33.402616, 126.897314
33.402299, 126.897176
33.402220, 126.897130
33.402151, 126.897064
33.401677, 126.896500
33.401608, 126.896432
33.401531, 126.896379
33.401305, 126.896252
33.401231, 126.896196
33.401172, 126.896118
33.400936, 126.895711
33.400878, 126.895632
33.400807, 126.895569
33.400656, 126.895465
33.400186, 126.895335
33.400063, 126.895283
33.399992, 126.895244
33.399949, 126.895200
33.399919, 126.895153
33.400001, 126.895140
33.400002, 126.895140
33.400155, 126.895220
33.400524, 126.895361