33.399445, 126.894795
33.399459, 126.894723
33.399463, 126.894643
33.399447, 126.894548
33.399353, 126.894167
33.399288, 126.893851
33.399175, 126.893410
33.399171, 126.893199
33.399277, 126.892654
33.399440, 126.892223
33.399486, 126.892133
33.399548, 126.892059
33.399717, 126.891903
33.399774, 126.891827
33.399803, 126.891731
33.399812, 126.891674
33.399809, 126.891607
33.399785, 126.891518
33.399557, 126.890864
33.399410, 126.890296
33.399166, 126.889869
33.399125, 126.889776
33.399106, 126.889673
33.399050, 126.889026
33.399087, 126.888586
33.399084, 126.888516
33.399068, 126.888442
33.399024, 126.888362
33.398718, 126.887917
33.398667, 126.887829
33.398629, 126.887733
33.398573, 126.887560
33.398461, 126.887064
33.398382, 126.886893
33.398332, 126.886806
33.398268, 126.886733
33.398115, 126.886593
33.398054, 126.886519
33.398014, 126.886426
33.397957, 126.886234
33.397894, 126.885822
33.397888, 126.885717
33.397903, 126.885612
33.398077, 126.884876
33.398078, 126.884712
33.398069, 126.884609
33.398037, 126.884516
33.398017, 126.884472
33.397983, 126.884422
33.397926, 126.884359
33.397566, 126.884004
33.397492, 126.883949
33.397408, 126.883921
33.397071, 126.883869
33.397029, 126.883858
33.396993, 126.883837
33.396961, 126.883808
33.396935, 126.883769
33.396911, 126.883726
33.396893, 126.883688
33.396888, 126.883662
33.396888, 126.883642
33.396874, 126.883546
33.396847, 126.883456
33.396795, 126.883376
33.396653, 126.883210
33.396379, 126.883028
33.396298, 126.882986
33.396211, 126.882961
33.396032, 126.882932
33.395947, 126.882904
33.395872, 126.882850
33.395733, 126.882718
33.395671, 126.882643
33.395628, 126.882551
33.395579, 126.882412
33.395558, 126.882370
33.395532, 126.882345
33.395498, 126.882337
33.395459, 126.882345
33.395317, 126.882399
33.394751, 126.882780
33.394670, 126.882820
33.394583, 126.882835
33.394482, 126.882838
33.394395, 126.882826
33.394316, 126.882784
33.394137, 126.882652
33.393936, 126.882416
33.393794, 126.882314
33.393726, 126.882248
33.393677, 126.882162
33.393547, 126.881847
33.393518, 126.881765
33.393508, 126.881710
33.393508, 126.881669
33.393688, 126.880949
33.393704, 126.880846
33.393697, 126.880740
33.393685, 126.880666
33.393681, 126.880590
33.393695, 126.880508
33.393706, 126.880466
33.393708, 126.880443
33.393701, 126.880413
33.393688, 126.880377
33.393666, 126.880336
33.393505, 126.880053
33.393446, 126.879976
33.393371, 126.879923
33.392930, 126.879704
33.392854, 126.879651
33.392794, 126.879575
33.392684, 126.879395
33.392610, 126.879234
33.392561, 126.879145
33.392499, 126.879069
33.392221, 126.878780
33.392041, 126.878685
33.392005, 126.878663
33.391977, 126.878640
33.391959, 126.878616
33.391950, 126.878591
33.391945, 126.878566
33.391946, 126.878554
33.391954, 126.878541
33.391968, 126.878528
33.391989, 126.878515
33.392014, 126.878503
33.392054, 126.878500
33.392125, 126.878517
33.392476, 126.878626
33.392564, 126.878642
33.392652, 126.878636
33.392709, 126.878625
33.392736, 126.878614
33.392759, 126.878592
33.392779, 126.878558
33.392795, 126.878513
33.392833, 126.878382
33.392873, 126.877978
33.392896, 126.877877
33.392941, 126.877788
33.393419, 126.877091
33.393467, 126.877002
33.393495, 126.876902
33.393528, 126.876713
33.393520, 126.876549
33.393530, 126.876448
33.393571, 126.876357
33.393704, 126.876154
33.393753, 126.876065
33.393789, 126.875967
33.393886, 126.875619
33.393952, 126.875464
33.393975, 126.875420
33.394004, 126.875385
33.394039, 126.875358
33.394079, 126.875339
33.394240, 126.875287
33.394320, 126.875245
33.394384, 126.875175
33.394413, 126.875132
33.394441, 126.875074
33.394469, 126.874986
33.394628, 126.874382
33.394655, 126.874079
33.394656, 126.873973
33.394639, 126.873868
33.394495, 126.873294
33.394456, 126.873196
33.394442, 126.873148
33.394439, 126.873101
33.394447, 126.873055
33.394467, 126.873010
33.394494, 126.872962
33.394534, 126.872916
33.394603, 126.872873
33.394698, 126.872826
33.394865, 126.872778
33.394943, 126.872737
33.395002, 126.872664
33.395039, 126.872598
33.395070, 126.872522
33.395090, 126.872425
33.395130, 126.872116
33.395123, 126.871922
33.395128, 126.871829
33.395155, 126.871765
33.395173, 126.871740
33.395208, 126.871714
33.395277, 126.871683
33.396061, 126.871389
33.396148, 126.871369
33.396236, 126.871375
33.396459, 126.871419
33.396689, 126.871482
33.396775, 126.871490
33.396860, 126.871468
33.396996, 126.871407
33.397076, 126.871361
33.397147, 126.871297
33.397262, 126.871170
33.397333, 126.871106
33.397412, 126.871058
33.397871, 126.870839
33.397947, 126.870788
33.398009, 126.870713
33.398145, 126.870496
33.398185, 126.870405
33.398199, 126.870303
33.398199, 126.870113
33.398192, 126.870007
33.398170, 126.869904
33.398095, 126.869642
33.398072, 126.869539
33.398065, 126.869432
33.398064, 126.869351
33.398075, 126.869267
33.398109, 126.869177
33.398264, 126.868862
33.398431, 126.868581
33.398484, 126.868464
33.398535, 126.868380
33.398605, 126.868318
33.398906, 126.868122
33.398973, 126.868058
33.399015, 126.867969
33.399033, 126.867905
33.399041, 126.867831
33.399028, 126.867736
33.398978, 126.867512
33.398610, 126.866633
33.397961, 126.865614
33.397961, 126.865590
33.397951, 126.865548
33.397919, 126.865471
33.397860, 126.865342
33.397827, 126.865244
33.397816, 126.865140
33.397815, 126.864944
33.397818, 126.864859
33.397813, 126.864780
33.397791, 126.864710
33.397775, 126.864678
33.397769, 126.864669
33.397766, 126.864674
33.397765, 126.864694
33.397768, 126.864729
33.397772, 126.864770
33.397775, 126.864789
33.397779, 126.864802
33.397785, 126.864810
33.397792, 126.864814
33.397800, 126.864815
33.397806, 126.864810
33.397816, 126.864792
33.397831, 126.864762
33.397849, 126.864720
33.397873, 126.864663
33.397882, 126.864643
33.397886, 126.864640
33.397884, 126.864654
33.397878, 126.864684
33.397868, 126.864723
33.397862, 126.864738
33.397852, 126.864745
33.397840, 126.864744
33.397824, 126.864734
33.397806, 126.864721
33.397799, 126.864709
33.397793, 126.864684
33.397790, 126.864649
33.397788, 126.864601
33.397788, 126.864548
33.397795, 126.864483
33.397816, 126.864393
33.397936, 126.863979
33.397946, 126.863929
33.397945, 126.863880
33.397935, 126.863833
33.397915, 126.863787
33.397328, 126.862725
33.397081, 126.862322
33.396824, 126.861559
33.396784, 126.861464
33.396731, 126.861378
33.396654, 126.861273
33.396549, 126.861178
33.396487, 126.861104
33.396444, 126.861013
33.396312, 126.860611
33.396287, 126.860528
33.396279, 126.860481
33.396279, 126.860450
33.396280, 126.860353
33.396276, 126.860306
33.396263, 126.860262
33.396242, 126.860221
33.396213, 126.860184
33.396117, 126.860082
33.395833, 126.859932
33.395797, 126.859911
33.395771, 126.859893
33.395755, 126.859877
33.395749, 126.859864
33.395748, 126.859852
33.395754, 126.859848
33.395770, 126.859848
33.395798, 126.859852
33.395836, 126.859860
33.395931, 126.859881
33.395973, 126.859884
33.396011, 126.859875
33.396046, 126.859853
33.396077, 126.859818
33.396304, 126.859495
33.396461, 126.859325
33.396515, 126.859244
33.396545, 126.859147
33.396572, 126.858974
33.396572, 126.858845
33.396585, 126.858743
33.396626, 126.858652
33.396762, 126.858439
33.396911, 126.858268
33.396939, 126.858233
33.396960, 126.858202
33.396972, 126.858175
33.396976, 126.858154
33.396976, 126.858134
33.396964, 126.858097
33.396927, 126.858024
33.396760, 126.857718
33.396720, 126.857624
33.396702, 126.857521
33.396694, 126.857426
33.396699, 126.857330
33.396728, 126.857235
33.396977, 126.856664
33.397009, 126.856574
33.397020, 126.856493
33.397021, 126.856456
33.397012, 126.856402
33.396987, 126.856318
33.396956, 126.856229
33.396919, 126.856142
33.396867, 126.856058
33.396757, 126.855902
33.396699, 126.855839
33.396650, 126.855765
33.396620, 126.855671
33.396550, 126.855300
33.396550, 126.855241
33.396550, 126.855002
33.396533, 126.854377
33.396521, 126.854282
33.396490, 126.854212
33.396470, 126.854184
33.396456, 126.854173
33.396434, 126.854171
33.396403, 126.854176
33.396364, 126.854188
33.396285, 126.854219
33.396203, 126.854239
33.396116, 126.854238
33.395726, 126.854186
33.395491, 126.854112
33.395449, 126.854088
33.395396, 126.854073
33.395318, 126.854074
33.395190, 126.854088
33.395131, 126.854104
33.395104, 126.854109
33.395086, 126.854110
33.395075, 126.854104
33.395071, 126.854094
33.395071, 126.854080
33.395073, 126.854063
33.395079, 126.854038
33.395083, 126.854024
33.395083, 126.854024
33.395080, 126.854039
33.395072, 126.854068
33.395061, 126.854112
33.395014, 126.854294
33.394980, 126.854393
33.394932, 126.854482
33.394790, 126.854701
33.394743, 126.854791
33.394712, 126.854890
33.394634, 126.855240
33.394436, 126.855734
33.394413, 126.855778
33.394385, 126.855813
33.394350, 126.855838
33.394309, 126.855854
33.393678, 126.856017
33.393051, 126.855988
33.392163, 126.855889
33.392076, 126.855870
33.391992, 126.855833
33.391885, 126.855772
33.391811, 126.855716
33.391750, 126.855641
33.391671, 126.855517
33.391622, 126.855427
33.391587, 126.855329
33.391429, 126.854783
33.391412, 126.854358
33.391406, 126.854309
33.391395, 126.854268
33.391378, 126.854236
33.391354, 126.854213
33.391328, 126.854195
33.391286, 126.854176
33.391213, 126.854158
33.390723, 126.854061
33.390635, 126.854058
33.390551, 126.854086
33.390507, 126.854109
33.390464, 126.854151
33.390425, 126.854230
33.390397, 126.854306
33.390355, 126.854372
33.390285, 126.854420
33.390215, 126.854451
33.390183, 126.854472
33.390155, 126.854501
33.390132, 126.854538
33.390114, 126.854584
33.390071, 126.854725
33.389782, 126.856134
33.389753, 126.856235
33.389708, 126.856327
33.389509, 126.856665
33.389095, 126.857046
33.388836, 126.857239
33.388757, 126.857284
33.388670, 126.857306
33.388613, 126.857313
33.388586, 126.857310
33.388560, 126.857296
33.388536, 126.857270
33.388515, 126.857233
33.388494, 126.857190
33.388479, 126.857150
33.388473, 126.857119
33.388473, 126.857091
33.388549, 126.856643
33.388553, 126.856591
33.388549, 126.856542
33.388535, 126.856495
33.388513, 126.856451
33.388391, 126.856256
33.388371, 126.856214
33.388365, 126.856173
33.388372, 126.856134
33.388393, 126.856097
33.388450, 126.856024
33.388614, 126.855882
33.388680, 126.855812
33.388734, 126.855728
33.388780, 126.855640
33.388817, 126.855548
33.388833, 126.855445
33.388871, 126.854880
33.388844, 126.854426
33.388826, 126.854324
33.388784, 126.854232
33.388524, 126.853800
33.388466, 126.853720
33.388396, 126.853655
33.388123, 126.853444
33.388085, 126.853420
33.388048, 126.853406
33.388010, 126.853403
33.387972, 126.853409
33.387935, 126.853420
33.387891, 126.853448
33.387834, 126.853509
33.387800, 126.853551
33.387753, 126.853593
33.387682, 126.853633
33.387614, 126.853665
33.387548, 126.853709
33.387485, 126.853778
33.387112, 126.854275
33.386904, 126.854622
33.386859, 126.854713
33.386828, 126.854813
33.386769, 126.855072
33.386765, 126.855225
33.386747, 126.855325
33.386698, 126.855408
33.386462, 126.855681
33.386415, 126.855739
33.386358, 126.855787
33.386280, 126.855814
33.386209, 126.855829
33.386136, 126.855830
33.386059, 126.855807
33.386020, 126.855789
33.385980, 126.855752
33.385938, 126.855676
33.385905, 126.855603
33.385887, 126.855571
33.385866, 126.855547
33.385842, 126.855531
33.385815, 126.855522
33.385786, 126.855518
33.385772, 126.855510
33.385757, 126.855490
33.385741, 126.855458
33.385725, 126.855414
33.385677, 126.855271
33.385658, 126.855226
33.385631, 126.855189
33.385597, 126.855162
33.385557, 126.855144
33.385269, 126.855055
33.385190, 126.855014
33.385129, 126.854947
33.385075, 126.854867
33.385046, 126.854808
33.385028, 126.854785
33.385003, 126.854774
33.384972, 126.854776
33.384934, 126.854791
33.384853, 126.854832
33.384191, 126.855211
33.383835, 126.855568
33.383489, 126.855750
33.383001, 126.855897
33.382178, 126.856244
33.382138, 126.856266
33.382106, 126.856296
33.382079, 126.856334
33.382059, 126.856380
33.382035, 126.856451
33.382020, 126.856531
33.382020, 126.856629
33.382028, 126.856726
33.382043, 126.856824
33.382072, 126.856922
33.382279, 126.857478
33.382301, 126.857578
33.382296, 126.857681
33.382160, 126.858439
33.382153, 126.858635
33.382137, 126.858737
33.382096, 126.858829
33.382064, 126.858882
33.382051, 126.858912
33.382044, 126.858948
33.382044, 126.858991
33.382051, 126.859040
33.382160, 126.859615
33.382270, 126.859941
33.382285, 126.859984
33.382299, 126.860013
33.382310, 126.860029
33.382319, 126.860030
33.382327, 126.860025
33.382329, 126.860029
33.382325, 126.860046
33.382317, 126.860077
33.382303, 126.860120
33.382271, 126.860220
33.382233, 126.860315
33.382181, 126.860401
33.382147, 126.860449
33.382133, 126.860476
33.382128, 126.860510
33.382131, 126.860551
33.382141, 126.860598
33.382167, 126.860693
33.382175, 126.860740
33.382174, 126.860785
33.382162, 126.860829
33.382140, 126.860871
33.382114, 126.860913
33.382074, 126.860957
33.382009, 126.861008
33.381910, 126.861076
33.381843, 126.861140
33.381795, 126.861227
33.381732, 126.861391
33.381708, 126.861623
33.381698, 126.861673
33.381679, 126.861716
33.381652, 126.861751
33.381616, 126.861780
33.381489, 126.861858
33.381039, 126.861997
33.380456, 126.862213
33.380376, 126.862255
33.380306, 126.862320
33.380193, 126.862453
33.380137, 126.862535
33.380099, 126.862630
33.380013, 126.862918
33.379976, 126.863015
33.379926, 126.863103
33.379691, 126.863450
33.379590, 126.863726
33.379576, 126.863771
33.379571, 126.863805
33.379574, 126.863830
33.379586, 126.863845
33.379603, 126.863855
33.379606, 126.863864
33.379600, 126.863883
33.379585, 126.863910
33.379560, 126.863946
33.379087, 126.864585
33.378755, 126.864859
33.378393, 126.865262
33.377924, 126.865559
33.377743, 126.865601
33.377701, 126.865604
33.377662, 126.865595
33.377627, 126.865573
33.377596, 126.865539
33.377548, 126.865471
33.377504, 126.865395
33.377471, 126.865302
33.377213, 126.864381
33.377106, 126.863424
33.377084, 126.863321
33.377044, 126.863227
33.377006, 126.863160
33.376958, 126.863095
33.376892, 126.863034
33.376642, 126.862841
33.376573, 126.862775
33.376516, 126.862694
33.376458, 126.862594
33.376418, 126.862505
33.376400, 126.862416
33.376396, 126.862372
33.376403, 126.862314
33.376429, 126.862229
33.376628, 126.861696
33.376665, 126.861335
33.376664, 126.861230
33.376641, 126.861128
33.376602, 126.861019
33.376513, 126.860619
33.376481, 126.860524
33.376430, 126.860447
33.376400, 126.860412
33.376357, 126.860375
33.376288, 126.860333
33.376097, 126.860227
33.376025, 126.860175
33.375972, 126.860107
33.375949, 126.860069
33.375933, 126.860031
33.375927, 126.859990
33.375927, 126.859949
33.375981, 126.859577
33.376007, 126.859481
33.376052, 126.859404
33.376080, 126.859370
33.376121, 126.859334
33.376189, 126.859291
33.376441, 126.859151
33.376512, 126.859092
33.376562, 126.859009
33.376611, 126.858889
33.376625, 126.858842
33.376627, 126.858796
33.376616, 126.858753
33.376593, 126.858711
33.376508, 126.858592
33.376458, 126.858505
33.376425, 126.858407
33.376295, 126.857859
33.376245, 126.857712
33.376225, 126.857611
33.376234, 126.857508
33.376269, 126.857348
33.376276, 126.857246
33.376251, 126.857148
33.376028, 126.856633
33.374896, 126.854870
33.374295, 126.854100
33.374187, 126.853998
33.374125, 126.853924
33.374082, 126.853832
33.374065, 126.853781
33.374057, 126.853716
33.374067, 126.853624
33.374176, 126.853010
33.374186, 126.852904
33.374180, 126.852798
33.374150, 126.852567
33.374126, 126.852465
33.374084, 126.852372
33.373960, 126.852160
33.373932, 126.852121
33.373899, 126.852093
33.373862, 126.852075
33.373819, 126.852068
33.373176, 126.852042
33.372863, 126.851972
33.372775, 126.851964
33.372687, 126.851978
33.372084, 126.852158
33.371937, 126.852149
33.371851, 126.852129
33.371774, 126.852081
33.371487, 126.851841
33.371426, 126.851776
33.371389, 126.851705
33.371376, 126.851668
33.371373, 126.851658
33.371376, 126.851665
33.371385, 126.851689
33.371401, 126.851730
33.371428, 126.851802
33.371468, 126.851870
33.371533, 126.851929
33.371782, 126.852102
33.371863, 126.852140
33.371949, 126.852144
33.372176, 126.852111
33.372792, 126.851978
33.372879, 126.851976
33.372962, 126.852006
33.373040, 126.852051
33.373074, 126.852077
33.373095, 126.852111
33.373105, 126.852152
33.373102, 126.852202
33.373083, 126.852318
33.372802, 126.853074
33.372292, 126.854617
33.372273, 126.854658
33.372247, 126.854681
33.372216, 126.854685
33.372178, 126.854671
33.372121, 126.854637
33.372069, 126.854587
33.372028, 126.854504
33.371979, 126.854368
33.371964, 126.854324
33.371955, 126.854291
33.371952, 126.854269
33.371954, 126.854257
33.371959, 126.854251
33.371961, 126.854252
33.371962, 126.854260
33.371962, 126.854276
33.371960, 126.854298
33.371958, 126.854325
33.371954, 126.854338
33.371942, 126.854351
33.371924, 126.854363
33.371899, 126.854376
33.371870, 126.854388
33.371855, 126.854391
33.371838, 126.854388
33.371819, 126.854380
33.371798, 126.854367
33.371755, 126.854334
33.371830, 126.854288
33.371990, 126.854572
33.372049, 126.854645
33.372128, 126.854684
33.372205, 126.854705
33.372237, 126.854720
33.372258, 126.854746
33.372267, 126.854783
33.372265, 126.854831
33.372204, 126.855225
33.371880, 126.857243
33.371813, 126.859231
33.371803, 126.859337
33.371778, 126.859439
33.371675, 126.859767
33.371337, 126.860615
33.371317, 126.860651
33.371296, 126.860665
33.371273, 126.860655
33.371249, 126.860622
33.370985, 126.860143
33.370644, 126.859658
33.370231, 126.859235
33.370134, 126.859097
33.370087, 126.859009
33.370062, 126.858908
33.370050, 126.858819
33.370030, 126.858736
33.369994, 126.858669
33.369971, 126.858639
33.369934, 126.858605
33.369869, 126.858559
33.369748, 126.858483
33.369685, 126.858415
33.369652, 126.858387
33.369615, 126.858369
33.369576, 126.858361
33.369534, 126.858364
33.369446, 126.858379
33.368284, 126.859067
33.368119, 126.859554
33.368079, 126.859649
33.368025, 126.859734
33.367975, 126.859799
33.367916, 126.859851
33.367836, 126.859879
33.367584, 126.859920
33.367497, 126.859943
33.367415, 126.859984
33.366971, 126.860255
33.366888, 126.860295
33.366801, 126.860316
33.366597, 126.860341
33.366512, 126.860334
33.366433, 126.860292
33.366214, 126.860119
33.365783, 126.859973
33.365088, 126.859890
33.365004, 126.859865
33.364929, 126.859812
33.364870, 126.859756
33.364815, 126.859691
33.364764, 126.859609
33.364660, 126.859411
33.364559, 126.858984
33.364559, 126.858961
33.364616, 126.858680
33.364624, 126.858634
33.364626, 126.858602
33.364623, 126.858583
33.364613, 126.858578
33.364602, 126.858580
33.364594, 126.858587
33.364585, 126.858606
33.364573, 126.858638
33.364558, 126.858682
33.364510, 126.858839
33.364491, 126.858941
33.364497, 126.859045
33.364542, 126.859314
33.364549, 126.859419
33.364534, 126.859522
33.364488, 126.859707
33.364470, 126.859811
33.364467, 126.859918
33.364478, 126.860178
33.364473, 126.860283
33.364448, 126.860385
33.364370, 126.860616
33.364232, 126.860974
33.364132, 126.861273
33.364092, 126.861368
33.364038, 126.861453
33.363897, 126.861640
33.363710, 126.861788
33.363648, 126.861858
33.363615, 126.861952
33.363605, 126.862007
33.363601, 126.862075
33.363609, 126.862169
33.363662, 126.862585
33.363662, 126.862688
33.363633, 126.862786
33.363468, 126.863142
33.363419, 126.863230
33.363356, 126.863305
33.362937, 126.863722
33.362881, 126.863794
33.362852, 126.863872
33.362844, 126.863912
33.362849, 126.863966
33.362882, 126.864045
33.362957, 126.864193
33.363118, 126.864409
33.363163, 126.864497
33.363178, 126.864598
33.363179, 126.864686
33.363172, 126.864778
33.363149, 126.864876
33.363075, 126.865124
33.363058, 126.865226
33.363068, 126.865328
33.363090, 126.865430
33.363102, 126.865764
33.363126, 126.865826
33.363137, 126.865846
33.363148, 126.865846
33.363158, 126.865824
33.363167, 126.865782
33.363179, 126.865711
33.363184, 126.865635
33.363177, 126.865547
33.363170, 126.865501
33.363162, 126.865479
33.363143, 126.865460
33.363115, 126.865443
33.363076, 126.865429
33.362891, 126.865377
33.362849, 126.865372
33.362811, 126.865380
33.362776, 126.865401
33.362746, 126.865436
33.362619, 126.865621
33.362555, 126.865694
33.362479, 126.865747
33.362153, 126.865917
33.361916, 126.865956
33.361829, 126.865956
33.361745, 126.865926
33.361549, 126.865820
33.361453, 126.865749
33.361373, 126.865700
33.361288, 126.865669
33.360400, 126.865431
33.360359, 126.865426
33.360324, 126.865437
33.360294, 126.865462
33.360271, 126.865503
33.360242, 126.865569
33.360220, 126.865645
33.360213, 126.865742
33.360214, 126.866110
33.360238, 126.866393
33.360239, 126.866500
33.360225, 126.866605
33.360161, 126.866898
33.360095, 126.867132
33.360077, 126.867179
33.360053, 126.867219
33.360021, 126.867251
33.359983, 126.867275
33.359873, 126.867331
33.358455, 126.867672
33.357966, 126.867909
33.357559, 126.868141
33.357032, 126.868280
33.356581, 126.868229
33.355815, 126.868235
33.355688, 126.868215
33.355600, 126.868216
33.355516, 126.868246
33.355392, 126.868312
33.355353, 126.868329
33.355318, 126.868335
33.355287, 126.868332
33.355260, 126.868317
33.355210, 126.868279
33.355041, 126.868103
33.354969, 126.868040
33.354888, 126.867995
33.354382, 126.867773
33.354262, 126.867686
33.354228, 126.867661
33.354204, 126.867642
33.354190, 126.867628
33.354185, 126.867619
33.354185, 126.867614
33.354180, 126.867607
33.354166, 126.867595
33.354142, 126.867576
33.354109, 126.867550
33.354015, 126.867479
33.353705, 126.867283
33.353419, 126.867034
33.352771, 126.866760
33.352681, 126.866692
33.352564, 126.866559
33.352521, 126.866401
33.352484, 126.866306
33.352428, 126.866225
33.352154, 126.865917
33.352046, 126.865832
33.351976, 126.865765
33.351918, 126.865685
33.351828, 126.865535
33.351769, 126.865456
33.351698, 126.865394
33.351556, 126.865297
33.351248, 126.865152
33.351095, 126.865073
33.350880, 126.864974
33.350733, 126.864857
33.350453, 126.864515
33.350398, 126.864456
33.350358, 126.864433
33.350341, 126.864430
33.350319, 126.864434
33.350284, 126.864449
33.350264, 126.864459
33.350255, 126.864460
33.350249, 126.864451
33.350246, 126.864433
33.350245, 126.864406
33.350246, 126.864375
33.350234, 126.864333
33.350197, 126.864271
33.350148, 126.864199
33.349821, 126.863865
33.349749, 126.863807
33.349670, 126.863771
33.349587, 126.863746
33.349456, 126.863652
33.349421, 126.863621
33.349395, 126.863584
33.349378, 126.863540
33.349369, 126.863489
33.349353, 126.863316
33.349393, 126.862843
33.349390, 126.862738
33.349361, 126.862640
33.348988, 126.861776
33.348880, 126.861471
33.348404, 126.860381
33.348325, 126.859960
33.348125, 126.859438
33.348096, 126.859346
33.348086, 126.859266
33.348086, 126.859192
33.348087, 126.859003
33.348075, 126.858899
33.348041, 126.858802
33.347744, 126.858204
33.347703, 126.858123
33.347672, 126.858057
33.347663, 126.858020
33.347663, 126.858009
33.347652, 126.857977
33.347618, 126.857905
33.347565, 126.857796
33.347039, 126.857157
33.346793, 126.856611
33.346705, 126.856401
33.346425, 126.856011
33.346050, 126.855707
33.345982, 126.855638
33.345930, 126.855554
33.345762, 126.855214
33.345737, 126.855174
33.345706, 126.855148
33.345670, 126.855136
33.345628, 126.855137
33.345503, 126.855158
33.345460, 126.855161
33.345418, 126.855153
33.345380, 126.855136
33.345343, 126.855107
33.345303, 126.855070
33.345252, 126.855034
33.345177, 126.855003
33.344927, 126.854917
33.344847, 126.854875
33.344781, 126.854807
33.344607, 126.854574
33.344541, 126.854503
33.344464, 126.854452
33.344216, 126.854327
33.343980, 126.854135
33.343902, 126.854087
33.343817, 126.854063
33.343256, 126.853988
33.343171, 126.853963
33.343095, 126.853911
33.342990, 126.853817
33.342882, 126.853638
33.342843, 126.853554
33.342829, 126.853475
33.342829, 126.853399
33.342851, 126.853240
33.342854, 126.853188
33.342847, 126.853140
33.342831, 126.853094
33.342807, 126.853052
33.342681, 126.852876
33.342449, 126.852673
33.342372, 126.852626
33.342286, 126.852612
33.341703, 126.852629
33.341458, 126.852638
33.341371, 126.852626
33.341291, 126.852585
33.341137, 126.852472
33.341065, 126.852409
33.341004, 126.852332
33.340794, 126.852016
33.340730, 126.851945
33.340652, 126.851902
33.340552, 126.851869
33.340468, 126.851831
33.340392, 126.851776
33.340053, 126.851484
33.339992, 126.851412
33.339953, 126.851319
33.339909, 126.851149
33.339909, 126.851125
33.339902, 126.851081
33.339880, 126.850999
33.339843, 126.850867
33.339804, 126.850773
33.339745, 126.850696
33.339704, 126.850655
33.339652, 126.850620
33.339575, 126.850598
33.339296, 126.850546
33.339049, 126.850593
33.338963, 126.850621
33.338885, 126.850670
33.338561, 126.850930
33.338269, 126.851189
33.338192, 126.851233
33.338108, 126.851238
33.338055, 126.851229
33.338001, 126.851203
33.337943, 126.851140
33.337910, 126.851095
33.337876, 126.851036
33.337842, 126.850950
33.337761, 126.850719
33.337719, 126.850626
33.337663, 126.850545
33.337498, 126.850351
33.337428, 126.850286
33.337348, 126.850243
33.337297, 126.850224
33.337236, 126.850213
33.337157, 126.850218
33.337039, 126.850234
33.336997, 126.850236
33.336962, 126.850231
33.336933, 126.850217
33.336910, 126.850195
33.336890, 126.850169
33.336875, 126.850139
33.336870, 126.850100
33.336870, 126.850078
33.336872, 126.850067
33.336879, 126.850057
33.336890, 126.850047
33.336905, 126.850037
33.336923, 126.850028
33.336948, 126.849998
33.336986, 126.849925
33.337078, 126.849732
33.337095, 126.849688
33.337104, 126.849650
33.337103, 126.849618
33.337092, 126.849592
33.337077, 126.849570
33.337046, 126.849540
33.336982, 126.849497
33.336839, 126.849408
33.336804, 126.849383
33.336779, 126.849357
33.336763, 126.849330
33.336757, 126.849302
33.336757, 126.849274
33.336765, 126.849229
33.336793, 126.849148
33.336829, 126.849054
33.336839, 126.849015
33.336834, 126.848991
33.336814, 126.848983
33.336778, 126.848990
33.336682, 126.849022
33.336641, 126.849031
33.336603, 126.849030
33.336569, 126.849019
33.336540, 126.848998
33.336512, 126.848971
33.336479, 126.848928
33.336438, 126.848851
33.336301, 126.848573
33.336202, 126.848067
33.336059, 126.847752
33.336041, 126.847665
33.336012, 126.847580
33.335963, 126.847498
33.335404, 126.846735
33.334768, 126.846216
33.334368, 126.845909
33.334141, 126.845606
33.334089, 126.845521
33.334052, 126.845424
33.333974, 126.845153
33.333938, 126.845055
33.333889, 126.844966
33.333188, 126.843884
33.332886, 126.843595
33.332502, 126.843384
33.332431, 126.843327
33.332381, 126.843243
33.332205, 126.842819
33.332045, 126.842570
33.331982, 126.842499
33.331904, 126.842455
33.331517, 126.842322
33.331003, 126.842016
33.330471, 126.841905
33.330041, 126.841649
33.329998, 126.841604
33.329980, 126.841577
33.329968, 126.841543
33.329963, 126.841501
33.329964, 126.841452
33.329972, 126.841345
33.329969, 126.841241
33.329941, 126.841142
33.329800, 126.840806
33.329774, 126.840707
33.329778, 126.840604
33.329819, 126.840371
33.329860, 126.840251
33.329872, 126.840202
33.329872, 126.840155
33.329862, 126.840109
33.329840, 126.840065
33.329783, 126.839974
33.329477, 126.839718
33.329320, 126.839562
33.329010, 126.839373
33.328855, 126.839266
33.328316, 126.839062
33.328182, 126.839032
33.328141, 126.839017
33.328107, 126.838993
33.328078, 126.838958
33.328057, 126.838914
33.328008, 126.838786
33.327963, 126.838694
33.327903, 126.838616
33.327775, 126.838479
33.327702, 126.838418
33.327620, 126.838381
33.327174, 126.838251
33.326848, 126.838075
33.326027, 126.837967
33.325815, 126.837978
33.325775, 126.837983
33.325744, 126.837994
33.325724, 126.838009
33.325713, 126.838030
33.325708, 126.838054
33.325706, 126.838065
33.325706, 126.838075
33.325708, 126.838083
33.325712, 126.838090
33.325716, 126.838096
33.325722, 126.838128
33.325728, 126.838210
33.325764, 126.838741
33.325794, 126.839292
33.325809, 126.839397
33.325843, 126.839494
33.326001, 126.839837
33.326019, 126.839884
33.326027, 126.839933
33.326026, 126.839983
33.326017, 126.840033
33.325983, 126.840157
33.325942, 126.840298
33.325922, 126.840402
33.325920, 126.840508
33.325938, 126.840812
33.325941, 126.841049
33.325949, 126.841145
33.325966, 126.841217
33.325978, 126.841248
33.325984, 126.841261
33.325989, 126.841270
33.325995, 126.841275
33.326001, 126.841277
33.326007, 126.841276
33.326006, 126.841277
33.325998, 126.841282
33.325982, 126.841290
33.325959, 126.841301
33.325825, 126.842319
33.325819, 126.842336
33.325814, 126.842344
33.325804, 126.842353
33.325789, 126.842362
33.325768, 126.842371
33.325746, 126.842381
33.325734, 126.842389
33.325722, 126.842405
33.325708, 126.842430
33.325694, 126.842462
33.325679, 126.842498
33.325677, 126.842517
33.325685, 126.842538
33.325703, 126.842560
33.325731, 126.842585
33.325798, 126.842637