33.325825, 126.842287
33.325898, 126.842271
33.325887, 126.842213
33.325899, 126.842179
33.325936, 126.842153
33.325875, 126.842177
33.325765, 126.842262
33.325739, 126.842315
33.325750, 126.842364
33.325719, 126.842421
33.325576, 126.842566
33.325423, 126.842646
33.325351, 126.842760
33.325356, 126.842878
33.325463, 126.843482
33.325500, 126.843531
33.325593, 126.843805
33.325785, 126.844153
33.325814, 126.844280
33.325745, 126.844412
33.325277, 126.844761
33.325007, 126.844808
33.324644, 126.844914
33.324436, 126.845003
33.322964, 126.845842
33.322428, 126.846211
33.322396, 126.846448
33.322438, 126.846915
33.322161, 126.847162
33.321679, 126.847228
33.321432, 126.847256
33.321304, 126.847130
33.321214, 126.847008
33.321031, 126.846970
33.320881, 126.846883
33.320846, 126.846689
33.320910, 126.846432
33.320945, 126.846261
33.320803, 126.845746
33.320566, 126.845384
33.320211, 126.845108
33.320173, 126.845051
33.320159, 126.844867
33.319926, 126.844438
33.319793, 126.843847
33.319795, 126.843552
33.319620, 126.843098
33.319248, 126.842720
33.318147, 126.842569
33.317124, 126.842225
33.316576, 126.841416
33.316416, 126.839911
33.315748, 126.838520
33.314814, 126.837271
33.314518, 126.836820
33.314361, 126.836795
33.314093, 126.836864
33.313850, 126.836966
33.312634, 126.837004
33.312102, 126.836379
33.311971, 126.835449
33.311837, 126.835036
33.310218, 126.832120
33.308958, 126.830212
33.308445, 126.829485
33.307218, 126.828232
33.306869, 126.827453
33.306755, 126.826151
33.306486, 126.825390
33.306370, 126.825311
33.306282, 126.825216
33.306294, 126.825141
33.306406, 126.824871
33.306072, 126.822593
33.306111, 126.822149
33.306322, 126.821699
33.306611, 126.821324
33.306816, 126.820939
33.307764, 126.820020
33.307854, 126.819728
33.307856, 126.819319
33.307615, 126.817559
33.307970, 126.816812
33.308056, 126.816520
33.307838, 126.815460
33.307660, 126.815103
33.306763, 126.813970
33.306547, 126.813332
33.306520, 126.813099
33.305837, 126.811578
33.305662, 126.811265
33.304429, 126.810554
33.303095, 126.808142
33.302965, 126.807567
33.303047, 126.807050
33.303605, 126.806391
33.303815, 126.806281
33.304301, 126.806249
33.304627, 126.806431
33.305294, 126.806418
33.305379, 126.806416
33.305387, 126.806444
33.305336, 126.806426
33.305310, 126.806394
33.305641, 126.806255
33.306015, 126.805922
33.306089, 126.805700
33.306030, 126.805574
33.305701, 126.805195
33.305143, 126.804827
33.304968, 126.804482
33.304656, 126.803558
33.304643, 126.803467
33.304583, 126.803385
33.304362, 126.803191
33.304010, 126.803031
33.303978, 126.802954
33.304001, 126.802792
33.303913, 126.802394
33.303941, 126.801861
33.304101, 126.801535
33.304096, 126.801146
33.303754, 126.799923
33.303725, 126.799576
33.303362, 126.798060
33.303523, 126.797214
33.303541, 126.797113
33.303532, 126.797092
33.303583, 126.797012
33.303814, 126.796603
33.303961, 126.795995
33.304281, 126.795511
33.304339, 126.795318
33.304355, 126.795194
33.304662, 126.794578
33.304949, 126.793947
33.304961, 126.793556
33.304911, 126.793476
33.304701, 126.793385
33.304505, 126.793368
33.304435, 126.793329
33.304275, 126.793145
33.304151, 126.793050
33.303862, 126.792651
33.303778, 126.792505
33.303520, 126.791614
33.303621, 126.791078
33.303631, 126.790992
33.303645, 126.791022
33.303674, 126.791062
33.303752, 126.791074
33.303814, 126.791031
33.304065, 126.790673
33.304094, 126.789805
33.304115, 126.789664
33.304624, 126.788917
33.304824, 126.787843
33.304956, 126.787564
33.305084, 126.787494
33.305842, 126.787556
33.305963, 126.787538
33.306068, 126.787438
33.306529, 126.786524
33.306568, 126.786300
33.306520, 126.786178
33.306444, 126.786021
33.306298, 126.784968
33.306393, 126.784287
33.306421, 126.783599
33.306716, 126.782685
33.307014, 126.782257
33.307296, 126.782127
33.307538, 126.782175
33.307796, 126.782331
33.308741, 126.782594
33.309076, 126.782824
33.309281, 126.782784
33.310122, 126.781862
33.310448, 126.781355
33.310717, 126.781210
33.311060, 126.781252
33.311705, 126.781044
33.312111, 126.780623
33.312371, 126.780462
33.312716, 126.780069
33.313502, 126.779124
33.313813, 126.779169
33.314504, 126.779183
33.315859, 126.779275
33.316031, 126.779110
33.316211, 126.778746
33.316555, 126.778605
33.317058, 126.778306
33.317533, 126.778350
33.317911, 126.778489
33.318181, 126.778679
33.318965, 126.778764
33.319459, 126.778718
33.320093, 126.778736
33.320483, 126.778580
33.321709, 126.778292
33.322142, 126.778098
33.322322, 126.778041
33.324014, 126.777114
33.324293, 126.776917
33.324601, 126.776455
33.325088, 126.774897
33.325020, 126.774802
33.324579, 126.774715
33.324080, 126.774834
33.324003, 126.774786
33.323538, 126.773969
33.322892, 126.773576
33.322812, 126.773412
33.322899, 126.772446
33.323076, 126.771388
33.323079, 126.770895
33.322849, 126.770610
33.322058, 126.769709
33.321869, 126.769467
33.321769, 126.769088
33.321807, 126.768911
33.321851, 126.768803
33.321842, 126.768769
33.321790, 126.768741
33.321639, 126.768743
33.321017, 126.769213
33.320923, 126.769216
33.320831, 126.769005
33.320855, 126.768307
33.320823, 126.767989
33.320492, 126.767502
33.320184, 126.766902
33.320256, 126.766682
33.320462, 126.766390
33.320436, 126.766259
33.320361, 126.765886
33.320465, 126.765769
33.320552, 126.765639
33.320613, 126.765611
33.321104, 126.765568
33.321194, 126.765497
33.321210, 126.765338
33.321092, 126.764948
33.320324, 126.763902
33.320004, 126.763059
33.319855, 126.762564
33.319786, 126.762493
33.319722, 126.762493
33.319625, 126.762564
33.319431, 126.763239
33.318989, 126.764711
33.318592, 126.765285
33.318256, 126.765589
33.318064, 126.765646
33.317831, 126.765447
33.317701, 126.765130
33.317747, 126.764821
33.318019, 126.764331
33.318088, 126.763841
33.317964, 126.763156
33.317835, 126.763077
33.317758, 126.763001
33.317657, 126.762417
33.317547, 126.762010
33.317548, 126.761875
33.317488, 126.761787
33.317033, 126.761384
33.316882, 126.760890
33.316780, 126.760676
33.316553, 126.760569
33.316227, 126.760056
33.316170, 126.759726
33.316166, 126.759588
33.316043, 126.759516
33.314531, 126.759422
33.313933, 126.759604
33.313778, 126.759802
33.313586, 126.760096
33.312471, 126.760697
33.310737, 126.761090
33.310504, 126.760863
33.310420, 126.760813
33.309808, 126.760985
33.308324, 126.761273
33.307225, 126.760976
33.307141, 126.760788
33.306859, 126.759353
33.306756, 126.759164
33.306681, 126.759156
33.305613, 126.759682
33.305294, 126.759864
33.304855, 126.760307
33.304505, 126.760392
33.304339, 126.760282
33.304143, 126.759982
33.303852, 126.759405
33.303693, 126.758863
33.303614, 126.758371
33.303496, 126.758252
33.303108, 126.757131
33.302995, 126.756969
33.302484, 126.756826
33.302308, 126.756700
33.302145, 126.756327
33.301926, 126.756077
33.301511, 126.755876
33.301444, 126.755487
33.301190, 126.754613
33.300795, 126.754147
33.300590, 126.753316
33.300507, 126.753240
33.300344, 126.753240
33.298801, 126.753854
33.297900, 126.754336
33.297781, 126.754313
33.297402, 126.753939
33.297331, 126.753696
33.297340, 126.753288
33.297192, 126.752970
33.297118, 126.752935
33.296868, 126.753018
33.296448, 126.753201
33.295983, 126.753159
33.295663, 126.752919
33.295392, 126.752645
33.293940, 126.752287
33.293103, 126.752205
33.292189, 126.752565
33.292102, 126.752655
33.292078, 126.752790
33.292159, 126.753173
33.292078, 126.753395
33.291324, 126.754215
33.291178, 126.754283
33.291002, 126.754084
33.289753, 126.751876
33.288713, 126.751603
33.288358, 126.751364
33.287021, 126.749270
33.286917, 126.749187
33.286278, 126.749124
33.285758, 126.749262
33.284878, 126.749402
33.283488, 126.748672
33.283150, 126.748394
33.282940, 126.748177
33.281163, 126.745566
33.280534, 126.745039
33.279890, 126.744740
33.279773, 126.744783
33.279617, 126.744884
33.279513, 126.744792
33.279275, 126.744623
33.279147, 126.744474
33.279134, 126.744369
33.279120, 126.744316
33.279093, 126.744272
33.279150, 126.744234
33.279262, 126.744109
33.279310, 126.743953
33.278932, 126.742946
33.278885, 126.742713
33.278928, 126.742507
33.278944, 126.741955
33.278999, 126.740399
33.278877, 126.739547
33.278923, 126.739279
33.279013, 126.739236
33.280135, 126.739679
33.281251, 126.739764
33.281336, 126.739709
33.281373, 126.739535
33.281337, 126.739367
33.280964, 126.739028
33.280525, 126.738930
33.280241, 126.738729
33.280152, 126.738555
33.280146, 126.738011
33.280150, 126.737791
33.280181, 126.737732
33.280267, 126.737693
33.280278, 126.737626
33.280219, 126.737235
33.280231, 126.736988
33.280574, 126.736548
33.280726, 126.736281
33.281161, 126.735812
33.281880, 126.733679
33.281825, 126.733130
33.281683, 126.732835
33.280285, 126.731852
33.279453, 126.731017
33.279249, 126.730252
33.279507, 126.728810
33.279498, 126.728286
33.279598, 126.726511
33.279354, 126.725047
33.279208, 126.724102
33.278870, 126.723217
33.278701, 126.723096
33.278157, 126.722578
33.277688, 126.721714
33.277669, 126.721244
33.277898, 126.720051
33.277952, 126.719787
33.278300, 126.719229
33.278298, 126.719088
33.278280, 126.719024