33.278292, 126.718497
33.277915, 126.718540
33.277649, 126.718423
33.277256, 126.718220
33.276997, 126.718046
33.276708, 126.717829
33.276421, 126.717442
33.276299, 126.717135
33.276204, 126.716773
33.276254, 126.716466
33.276344, 126.716147
33.276469, 126.715774
33.276604, 126.715230
33.276620, 126.714695
33.276481, 126.714258
33.276400, 126.713942
33.276382, 126.713602
33.276331, 126.713257
33.276143, 126.712928
33.275844, 126.712737
33.275480, 126.712567
33.275240, 126.712324
33.275187, 126.712017
33.275084, 126.711696
33.274991, 126.711390
33.274875, 126.711084
33.274772, 126.710694
33.274681, 126.710323
33.274617, 126.709923
33.274638, 126.709482
33.274544, 126.709147
33.274514, 126.708858
33.274221, 126.708530
33.274280, 126.708156
33.274393, 126.707821
33.274247, 126.707446
33.274227, 126.706702
33.274130, 126.706202
33.274111, 126.705782
33.273898, 126.705419
33.273649, 126.705189
33.273470, 126.704948
33.273414, 126.704531
33.273196, 126.704173
33.272956, 126.703790
33.272878, 126.703291
33.272838, 126.702824
33.272760, 126.702440
33.272556, 126.702228
33.272314, 126.701840
33.272260, 126.701284
33.272002, 126.700831
33.272093, 126.700439
33.272326, 126.700328
33.272344, 126.699966
33.272399, 126.699647
33.272445, 126.699283
33.272574, 126.698993
33.272782, 126.698721
33.273075, 126.698434
33.273318, 126.698106
33.273480, 126.697807
33.273599, 126.697622
33.273663, 126.697310
33.273773, 126.697007
33.273820, 126.696628
33.273895, 126.696281
33.274054, 126.695987
33.273737, 126.695826
33.273452, 126.695862
33.273222, 126.695855
33.272901, 126.695745
33.272818, 126.695416
33.272743, 126.695031
33.272637, 126.694700
33.272399, 126.694626
33.272022, 126.694559
33.271738, 126.694559
33.271312, 126.694550
33.271099, 126.694502
33.270848, 126.694453
33.270732, 126.694343
33.270738, 126.694032
33.270802, 126.693687
33.270765, 126.693374
33.270533, 126.693011
33.270364, 126.692739
33.270426, 126.692457
33.270351, 126.692150
33.270339, 126.691706
33.270389, 126.691372
33.270479, 126.691026
33.270453, 126.690681
33.270411, 126.690374
33.270321, 126.690102
33.270106, 126.689769
33.270049, 126.689355
33.270019, 126.688994
33.270005, 126.688655
33.270033, 126.688289
33.270003, 126.687896
33.270030, 126.687546
33.270016, 126.687179
33.269963, 126.686832
33.269929, 126.686488
33.269793, 126.686121
33.269832, 126.685809
33.269969, 126.685524
33.270093, 126.685242
33.270198, 126.684876
33.270265, 126.684531
33.270285, 126.684106
33.270340, 126.683741
33.270342, 126.683390
33.270330, 126.683024
33.270543, 126.682736
33.270717, 126.682483
33.270671, 126.682116
33.270749, 126.681791
33.271013, 126.681579
33.271142, 126.681226
33.271398, 126.681065
33.271650, 126.680945
33.271863, 126.680812
33.272113, 126.680698
33.272414, 126.680414
33.272602, 126.680113
33.272727, 126.679788
33.272655, 126.679419
33.272557, 126.679047
33.272577, 126.678708
33.272757, 126.678404
33.272721, 126.677981
33.272522, 126.677633
33.272427, 126.677300
33.272455, 126.676930
33.272431, 126.676545
33.272396, 126.676157
33.272456, 126.675698
33.272558, 126.675360
33.272612, 126.674881
33.272792, 126.674451
33.272981, 126.674168
33.273108, 126.673808
33.272870, 126.673653
33.272590, 126.673628
33.272331, 126.673568
33.272072, 126.673499
33.271682, 126.673544
33.271420, 126.673611
33.271100, 126.673857
33.270778, 126.674060
33.270436, 126.674142
33.270165, 126.674197
33.269936, 126.673940
33.269955, 126.673490
33.269971, 126.673187
33.269990, 126.672874
33.270082, 126.672478
33.270190, 126.672110
33.270435, 126.671864
33.270684, 126.671609
33.270929, 126.671259
33.271138, 126.670960
33.271189, 126.670716
33.271188, 126.670454
33.271176, 126.670147
33.271229, 126.669943
33.271105, 126.669872
33.271052, 126.669642
33.271109, 126.669417
33.271112, 126.669230
33.271153, 126.669087
33.271231, 126.668924
33.271185, 126.668769
33.271067, 126.668653
33.270905, 126.668483
33.270838, 126.668159
33.270821, 126.667679
33.270828, 126.667203
33.270873, 126.666817
33.270873, 126.666505
33.270810, 126.666207
33.270716, 126.665908
33.270682, 126.665636
33.270717, 126.665291
33.270940, 126.665089
33.271301, 126.664936
33.271585, 126.664562
33.271672, 126.664290
33.271670, 126.663919
33.271774, 126.663561
33.271982, 126.663253
33.272209, 126.663010
33.272445, 126.662989
33.272707, 126.663039
33.272991, 126.663015
33.273273, 126.663020
33.273604, 126.662975
33.273946, 126.662816
33.274144, 126.662582
33.274337, 126.662301
33.274607, 126.662351
33.274871, 126.662382
33.274898, 126.662073
33.274892, 126.661788
33.274846, 126.661351
33.274830, 126.660953
33.274801, 126.660499
33.274746, 126.660072
33.274714, 126.659775
33.274552, 126.659549
33.274261, 126.659454
33.274224, 126.659063
33.274129, 126.658709
33.274008, 126.658359
33.273983, 126.657983
33.274122, 126.657708
33.274285, 126.657477
33.274116, 126.657402
33.273959, 126.657651
33.273724, 126.657840
33.273420, 126.657797
33.273158, 126.657975
33.272965, 126.658242
33.272689, 126.658353
33.272414, 126.658354
33.272117, 126.658364
33.271797, 126.658487
33.271481, 126.658435
33.271156, 126.658506
33.270836, 126.658539
33.270537, 126.658461
33.270259, 126.658363
33.269959, 126.658178
33.269666, 126.658043
33.269401, 126.657806
33.269132, 126.657521
33.269103, 126.657150
33.269186, 126.656798
33.269259, 126.656441
33.269339, 126.656073
33.269267, 126.655684
33.269172, 126.655341
33.269026, 126.655037
33.268859, 126.654733
33.268864, 126.654371
33.269039, 126.654093
33.269158, 126.653790
33.269363, 126.653519
33.269587, 126.653400
33.269855, 126.653407
33.270080, 126.653438
33.270440, 126.653398
33.270761, 126.653382
33.271006, 126.653262
33.270844, 126.652946
33.270815, 126.652631
33.270747, 126.652275
33.270656, 126.651926
33.270529, 126.651628
33.270372, 126.651315
33.270218, 126.650985
33.270090, 126.650635
33.270168, 126.650495
33.270391, 126.650998
33.270535, 126.651447
33.270632, 126.651731
33.270642, 126.652025
33.270150, 126.652115
33.269690, 126.652192
33.269454, 126.652005
33.269323, 126.651748
33.269173, 126.651618
33.269058, 126.651612
33.268906, 126.651507
33.268687, 126.651548
33.268473, 126.651411
33.268253, 126.651241
33.268191, 126.650814
33.268122, 126.650459
33.268274, 126.649984
33.268579, 126.649586
33.268745, 126.649241
33.268771, 126.648840
33.268666, 126.648464
33.268677, 126.648126
33.268563, 126.647795
33.268367, 126.647494
33.268157, 126.647217
33.267964, 126.646915
33.267852, 126.646523
33.267753, 126.646166
33.267661, 126.645785
33.267495, 126.645472
33.267398, 126.645138
33.267328, 126.644765
33.267172, 126.644471
33.267057, 126.644142
33.266947, 126.643797
33.266685, 126.643560
33.266593, 126.643344
33.266393, 126.643105
33.266279, 126.642779
33.266138, 126.642403
33.266004, 126.642119
33.265852, 126.641889
33.265540, 126.641598
33.265265, 126.641364
33.265033, 126.641146
33.264749, 126.641054
33.264351, 126.640940
33.263989, 126.640960
33.263659, 126.641005
33.263310, 126.641011
33.262967, 126.641026
33.262709, 126.641268
33.262412, 126.641369
33.262294, 126.641044
33.262447, 126.640672
33.262163, 126.640479
33.261968, 126.640305
33.261753, 126.640373
33.261468, 126.640386
33.261318, 126.640082
33.261253, 126.639749
33.260929, 126.639688
33.260718, 126.639745
33.260539, 126.639521
33.260328, 126.639382
33.260057, 126.639165
33.259750, 126.639351
33.259444, 126.639354
33.259127, 126.639308
33.258814, 126.639332
33.258528, 126.639410
33.258249, 126.639489
33.257973, 126.639492
33.257770, 126.639027
33.257593, 126.638745
33.257476, 126.638463
33.257411, 126.638198
33.257336, 126.637828
33.257352, 126.637151
33.257349, 126.636295
33.257182, 126.635874
33.257026, 126.635500
33.256800, 126.634967
33.256709, 126.634609
33.256985, 126.634538
33.257024, 126.634206
33.257090, 126.633847
33.257219, 126.633537
33.257437, 126.633251
33.257677, 126.632947
33.257894, 126.632677
33.258081, 126.632426
33.258249, 126.632132
33.258347, 126.631792
33.258444, 126.631436
33.258530, 126.631173
33.258566, 126.630867
33.258656, 126.630506
33.258753, 126.630204
33.258875, 126.629846
33.258897, 126.629536
33.258826, 126.629006
33.259028, 126.628641
33.259182, 126.628317
33.259097, 126.627986
33.258980, 126.627654
33.258841, 126.627317
33.258697, 126.626924
33.258562, 126.626595
33.258451, 126.626275
33.258374, 126.625937
33.258340, 126.625559
33.258353, 126.625139
33.258364, 126.624709
33.258362, 126.624327
33.258390, 126.623787
33.258134, 126.623538
33.257779, 126.623405
33.257472, 126.623369
33.257132, 126.623231
33.256788, 126.623102
33.256505, 126.622953
33.256214, 126.622831
33.255872, 126.622762
33.255570, 126.622714
33.255293, 126.622624
33.254969, 126.622629
33.254698, 126.622620
33.254456, 126.622614
33.254164, 126.622583
33.253848, 126.622669
33.253793, 126.622832
33.253476, 126.622774
33.253200, 126.622809
33.253064, 126.622897
33.252828, 126.623044
33.252517, 126.623042
33.252244, 126.623281