33.251747, 126.623402
33.241107, 126.547625
33.251747, 126.623402
33.251789, 126.623388
33.251824, 126.623374
33.251911, 126.623308
33.251920, 126.623251
33.251913, 126.623235
33.251904, 126.623211
33.251897, 126.623189
33.251886, 126.623165
33.251875, 126.623142
33.251865, 126.623121
33.251854, 126.623101
33.251841, 126.623080
33.251826, 126.623058
33.251809, 126.623036
33.251790, 126.623014
33.251776, 126.622991
33.251766, 126.622970
33.251754, 126.622948
33.251738, 126.622926
33.251718, 126.622904
33.251700, 126.622884
33.251688, 126.622863
33.251673, 126.622843
33.251656, 126.622824
33.251638, 126.622801
33.251620, 126.622776
33.251604, 126.622756
33.251589, 126.622735
33.251576, 126.622717
33.251559, 126.622696
33.251539, 126.622671
33.251518, 126.622645
33.251497, 126.622619
33.251477, 126.622595
33.251457, 126.622575
33.251437, 126.622554
33.251417, 126.622536
33.251395, 126.622524
33.251372, 126.622517
33.251347, 126.622507
33.251323, 126.622493
33.251299, 126.622475
33.251277, 126.622455
33.251257, 126.622432
33.251237, 126.622406
33.251217, 126.622380
33.251197, 126.622354
33.251179, 126.622330
33.251161, 126.622305
33.251143, 126.622280
33.251124, 126.622255
33.251105, 126.622231
33.251085, 126.622207
33.251065, 126.622184
33.251045, 126.622162
33.251024, 126.622140
33.251005, 126.622115
33.250986, 126.622089
33.250967, 126.622062
33.250947, 126.622038
33.250925, 126.622015
33.250903, 126.621991
33.250881, 126.621966
33.250859, 126.621940
33.250837, 126.621913
33.250815, 126.621887
33.250794, 126.621861
33.250776, 126.621834
33.250743, 126.621790
33.250729, 126.621772
33.250704, 126.621740
33.250681, 126.621709
33.250658, 126.621678
33.250636, 126.621648
33.250613, 126.621617
33.250588, 126.621588
33.250564, 126.621559
33.250543, 126.621527
33.250524, 126.621490
33.250506, 126.621451
33.250490, 126.621412
33.250471, 126.621378
33.250452, 126.621344
33.250433, 126.621307
33.250417, 126.621267
33.250392, 126.621157
33.250379, 126.621126
33.250368, 126.621094
33.250367, 126.621066
33.250369, 126.621035
33.250370, 126.621005
33.250370, 126.620973
33.250369, 126.620942
33.250366, 126.620900
33.250363, 126.620868
33.250360, 126.620832
33.250357, 126.620798
33.250360, 126.620702
33.250360, 126.620674
33.250360, 126.620634
33.250356, 126.620570
33.250352, 126.620513
33.250353, 126.620463
33.250359, 126.620422
33.250367, 126.620382
33.250377, 126.620343
33.250388, 126.620310
33.250397, 126.620276
33.250411, 126.620240
33.250435, 126.620204
33.250458, 126.620179
33.250481, 126.620154
33.250504, 126.620130
33.250526, 126.620107
33.250551, 126.620082
33.250564, 126.620058
33.250563, 126.620034
33.250555, 126.620005
33.250541, 126.619975
33.250529, 126.619954
33.250517, 126.619931
33.250499, 126.619907
33.250479, 126.619884
33.250457, 126.619859
33.250440, 126.619840
33.250420, 126.619821
33.250399, 126.619805
33.250375, 126.619784
33.250352, 126.619761
33.250327, 126.619738
33.250303, 126.619716
33.250282, 126.619697
33.250263, 126.619680
33.250242, 126.619662
33.250222, 126.619647
33.250199, 126.619631
33.250176, 126.619615
33.250153, 126.619600
33.250126, 126.619585
33.250100, 126.619572
33.250076, 126.619562
33.250049, 126.619553
33.250031, 126.619543
33.250030, 126.619539
33.250004, 126.619478
33.249980, 126.619444
33.249962, 126.619439
33.249947, 126.619445
33.249928, 126.619441
33.249903, 126.619434
33.249871, 126.619426
33.249837, 126.619419
33.249803, 126.619412
33.249768, 126.619407
33.249732, 126.619406
33.249697, 126.619409
33.249660, 126.619410
33.249625, 126.619409
33.249592, 126.619407
33.249562, 126.619404
33.249534, 126.619399
33.249506, 126.619396
33.249479, 126.619396
33.249454, 126.619395
33.249430, 126.619393
33.249405, 126.619392
33.249379, 126.619395
33.249353, 126.619399
33.249325, 126.619406
33.249295, 126.619415
33.249265, 126.619425
33.249236, 126.619435
33.249207, 126.619445
33.249178, 126.619455
33.249150, 126.619463
33.249124, 126.619472
33.249098, 126.619480
33.249076, 126.619487
33.249055, 126.619491
33.249033, 126.619492
33.249008, 126.619495
33.248984, 126.619496
33.248961, 126.619494
33.248941, 126.619492
33.248920, 126.619490
33.248897, 126.619483
33.248869, 126.619475
33.248841, 126.619466
33.248814, 126.619455
33.248788, 126.619443
33.248761, 126.619432
33.248735, 126.619422
33.248673, 126.619405
33.248633, 126.619400
33.248602, 126.619395
33.248549, 126.619383
33.248503, 126.619371
33.248435, 126.619346
33.248396, 126.619315
33.248363, 126.619280
33.248327, 126.619232
33.248302, 126.619190
33.248263, 126.619123
33.248241, 126.619092
33.248220, 126.619068
33.248171, 126.619012
33.248111, 126.618948
33.248095, 126.618932
33.248085, 126.618921
33.248087, 126.618919
33.248064, 126.618895
33.248034, 126.618872
33.248003, 126.618853
33.247970, 126.618840
33.247915, 126.618819
33.247882, 126.618806
33.247848, 126.618794
33.247804, 126.618781
33.247768, 126.618772
33.247723, 126.618756
33.247688, 126.618742
33.247652, 126.618732
33.247616, 126.618727
33.247580, 126.618726
33.247535, 126.618724
33.247498, 126.618729
33.247466, 126.618726
33.247424, 126.618722
33.247401, 126.618725
33.247362, 126.618731
33.247326, 126.618733
33.247257, 126.618740
33.247211, 126.618747
33.247173, 126.618748
33.247127, 126.618738
33.247093, 126.618740
33.247063, 126.618743
33.247028, 126.618747
33.246996, 126.618748
33.246964, 126.618750
33.246932, 126.618750
33.246901, 126.618752
33.246869, 126.618755
33.246836, 126.618763
33.246805, 126.618777
33.246740, 126.618807
33.246666, 126.618839
33.246625, 126.618853
33.246603, 126.618863
33.246586, 126.618873
33.246552, 126.618885
33.246544, 126.618883
33.246536, 126.618880
33.246525, 126.618879
33.246513, 126.618879
33.246512, 126.618879
33.246489, 126.618875
33.246422, 126.618873
33.246394, 126.618873
33.246321, 126.618872
33.246286, 126.618871
33.246242, 126.618869
33.246208, 126.618866
33.246151, 126.618860
33.246129, 126.618860
33.246074, 126.618856
33.246049, 126.618852
33.246031, 126.618849
33.246012, 126.618847
33.245990, 126.618847
33.245924, 126.618848
33.245868, 126.618845
33.245809, 126.618835
33.245764, 126.618827
33.245723, 126.618815
33.245682, 126.618797
33.245631, 126.618773
33.245595, 126.618753
33.245552, 126.618723
33.245523, 126.618700
33.245468, 126.618667
33.245407, 126.618643
33.245363, 126.618628
33.245332, 126.618620
33.245292, 126.618611
33.245259, 126.618603
33.245226, 126.618598
33.245192, 126.618595
33.245148, 126.618592
33.245104, 126.618592
33.245061, 126.618587
33.245019, 126.618584
33.244985, 126.618581
33.244951, 126.618579
33.244918, 126.618575
33.244891, 126.618568
33.244865, 126.618564
33.244750, 126.618580
33.244722, 126.618586
33.244675, 126.618603
33.244634, 126.618619
33.244582, 126.618645
33.244541, 126.618667
33.244506, 126.618687
33.244478, 126.618705
33.244450, 126.618723
33.244404, 126.618753
33.244376, 126.618772
33.244350, 126.618780
33.244319, 126.618793
33.244296, 126.618807
33.244272, 126.618825
33.244247, 126.618843
33.244214, 126.618863
33.244182, 126.618880
33.244131, 126.618901
33.244078, 126.618908
33.244041, 126.618908
33.244001, 126.618903
33.243974, 126.618892
33.243924, 126.618874
33.243898, 126.618865
33.243873, 126.618855
33.243850, 126.618844
33.243771, 126.618797
33.243738, 126.618776
33.243716, 126.618764
33.243660, 126.618721
33.243639, 126.618700
33.243615, 126.618681
33.243548, 126.618645
33.243512, 126.618629
33.243500, 126.618623
33.243405, 126.618587
33.243327, 126.618553
33.243234, 126.618507
33.243177, 126.618474
33.243134, 126.618443
33.243077, 126.618404
33.243049, 126.618379
33.243001, 126.618322
33.242977, 126.618287
33.242948, 126.618243
33.242924, 126.618207
33.242891, 126.618163
33.242865, 126.618130
33.242840, 126.618096
33.242810, 126.618054
33.242786, 126.618021
33.242762, 126.617987
33.242740, 126.617959
33.242719, 126.617930
33.242689, 126.617890
33.242666, 126.617857
33.242646, 126.617824
33.242629, 126.617791
33.242612, 126.617758
33.242596, 126.617728
33.242569, 126.617677
33.242560, 126.617615
33.242567, 126.617588
33.242554, 126.617560
33.242536, 126.617519
33.242521, 126.617483
33.242510, 126.617451
33.242496, 126.617415
33.242480, 126.617382
33.242453, 126.617344
33.242427, 126.617314
33.242410, 126.617296
33.242378, 126.617260
33.242350, 126.617229
33.242326, 126.617202
33.242305, 126.617175
33.242289, 126.617151
33.242277, 126.617126
33.242268, 126.617100
33.242260, 126.617071
33.242254, 126.617038
33.242248, 126.617002
33.242243, 126.616957
33.242238, 126.616923
33.242232, 126.616889
33.242224, 126.616854
33.242213, 126.616817
33.242203, 126.616779
33.242193, 126.616744
33.242182, 126.616711
33.242165, 126.616665
33.242148, 126.616629
33.242133, 126.616592
33.242124, 126.616563
33.242112, 126.616534
33.242100, 126.616505
33.242079, 126.616467
33.242061, 126.616434
33.242040, 126.616396
33.242023, 126.616362
33.242004, 126.616331
33.241986, 126.616300
33.241970, 126.616257
33.241957, 126.616222
33.241944, 126.616201
33.241933, 126.616181
33.241922, 126.616155
33.241910, 126.616125
33.241896, 126.616093
33.241882, 126.616060
33.241864, 126.616018
33.241850, 126.615986
33.241837, 126.615952
33.241825, 126.615917
33.241817, 126.615879
33.241812, 126.615841
33.241804, 126.615796
33.241793, 126.615754
33.241785, 126.615715
33.241780, 126.615678
33.241777, 126.615643
33.241777, 126.615605
33.241779, 126.615549
33.241777, 126.615512
33.241771, 126.615475
33.241761, 126.615439
33.241749, 126.615404
33.241737, 126.615371
33.241723, 126.615341
33.241713, 126.615309
33.241702, 126.615279
33.241691, 126.615248
33.241679, 126.615220
33.241668, 126.615190
33.241658, 126.615159
33.241647, 126.615127
33.241632, 126.615095
33.241620, 126.615063
33.241608, 126.615031
33.241597, 126.615000
33.241585, 126.614969
33.241574, 126.614941
33.241554, 126.614898
33.241539, 126.614851
33.241529, 126.614813
33.241518, 126.614775
33.241507, 126.614736
33.241495, 126.614700
33.241485, 126.614663
33.241474, 126.614626
33.241464, 126.614588
33.241447, 126.614542
33.241426, 126.614497
33.241409, 126.614459
33.241393, 126.614421
33.241378, 126.614383
33.241362, 126.614335
33.241347, 126.614287
33.241334, 126.614248
33.241326, 126.614209
33.241320, 126.614167
33.241311, 126.614126
33.241301, 126.614076
33.241295, 126.614033
33.241288, 126.613991
33.241282, 126.613948
33.241273, 126.613901
33.241263, 126.613852
33.241255, 126.613804
33.241248, 126.613756
33.241241, 126.613711
33.241232, 126.613670
33.241218, 126.613633
33.241202, 126.613597
33.241188, 126.613560
33.241177, 126.613525
33.241172, 126.613487
33.241172, 126.613445
33.241172, 126.613403
33.241170, 126.613371
33.241163, 126.613311
33.241155, 126.613279
33.241143, 126.613227
33.241134, 126.613187
33.241129, 126.613147
33.241127, 126.613107
33.241131, 126.613067
33.241140, 126.613027
33.241152, 126.612989
33.241163, 126.612958
33.241185, 126.612917
33.241208, 126.612887
33.241234, 126.612863
33.241259, 126.612843
33.241285, 126.612822
33.241317, 126.612793
33.241341, 126.612755
33.241359, 126.612709
33.241359, 126.612658
33.241350, 126.612617
33.241327, 126.612568
33.241308, 126.612531
33.241289, 126.612495
33.241272, 126.612466
33.241248, 126.612423
33.241227, 126.612386
33.241209, 126.612350
33.241191, 126.612313
33.241175, 126.612277
33.241161, 126.612246
33.241149, 126.612213
33.241140, 126.612180
33.241132, 126.612146
33.241126, 126.612112
33.241121, 126.612078
33.241117, 126.612044
33.241115, 126.612009
33.241114, 126.611973
33.241113, 126.611936
33.241112, 126.611900
33.241110, 126.611865
33.241108, 126.611829
33.241103, 126.611792
33.241097, 126.611756
33.241092, 126.611722
33.241087, 126.611689
33.241082, 126.611656
33.241078, 126.611622
33.241078, 126.611588
33.241076, 126.611557
33.241072, 126.611528
33.241069, 126.611501
33.241066, 126.611474
33.241062, 126.611446
33.241049, 126.611383
33.240959, 126.611122
33.240950, 126.611011
33.240956, 126.610932
33.240959, 126.610881
33.240953, 126.610818
33.240934, 126.610747
33.240921, 126.610708
33.240908, 126.610670
33.240895, 126.610634
33.240879, 126.610602
33.240863, 126.610567
33.240850, 126.610533
33.240833, 126.610504
33.240813, 126.610483
33.240804, 126.610475
33.240772, 126.610442
33.240767, 126.610415
33.240755, 126.610383
33.240740, 126.610341
33.240717, 126.610281
33.240700, 126.610238
33.240663, 126.610148
33.240657, 126.610128
33.240653, 126.610103
33.240643, 126.610067
33.240634, 126.610026
33.240623, 126.609986
33.240611, 126.609949
33.240597, 126.609915
33.240585, 126.609880
33.240573, 126.609846
33.240559, 126.609813
33.240547, 126.609778
33.240538, 126.609743
33.240529, 126.609708
33.240520, 126.609672
33.240510, 126.609636
33.240498, 126.609601
33.240485, 126.609568
33.240471, 126.609537
33.240459, 126.609502
33.240450, 126.609466
33.240440, 126.609431
33.240431, 126.609401
33.240422, 126.609371
33.240411, 126.609340
33.240399, 126.609307
33.240386, 126.609274
33.240375, 126.609239
33.240366, 126.609203
33.240358, 126.609167
33.240353, 126.609129
33.240345, 126.609094
33.240336, 126.609058
33.240325, 126.609022
33.240308, 126.608990
33.240291, 126.608958
33.240272, 126.608928
33.240251, 126.608902
33.240233, 126.608878
33.240212, 126.608848
33.240199, 126.608822
33.240189, 126.608793
33.240179, 126.608765
33.240169, 126.608735
33.240161, 126.608702
33.240151, 126.608667
33.240137, 126.608634
33.240122, 126.608601
33.240109, 126.608570
33.240094, 126.608540
33.240077, 126.608510
33.240059, 126.608482
33.240038, 126.608457
33.240012, 126.608438
33.239987, 126.608418
33.239960, 126.608394
33.239934, 126.608364
33.239912, 126.608331
33.239891, 126.608299
33.239870, 126.608267
33.239847, 126.608237
33.239826, 126.608210
33.239806, 126.608181
33.239784, 126.608152
33.239763, 126.608125
33.239743, 126.608096
33.239724, 126.608066
33.239704, 126.608037
33.239684, 126.608009
33.239664, 126.607980
33.239647, 126.607950
33.239632, 126.607920
33.239616, 126.607891
33.239598, 126.607860
33.239579, 126.607829
33.239561, 126.607797
33.239545, 126.607767
33.239529, 126.607738
33.239512, 126.607710
33.239497, 126.607678
33.239485, 126.607645
33.239473, 126.607612
33.239460, 126.607580
33.239448, 126.607546
33.239436, 126.607511
33.239427, 126.607475
33.239420, 126.607442
33.239412, 126.607411
33.239402, 126.607379
33.239380, 126.607331
33.239345, 126.607290
33.239297, 126.607286
33.239244, 126.607300
33.239211, 126.607311
33.239176, 126.607323
33.239147, 126.607329
33.239120, 126.607336
33.239092, 126.607343
33.239030, 126.607361
33.239040, 126.607383
33.239056, 126.607400
33.239062, 126.607403
33.239065, 126.607402
33.239082, 126.607365
33.239087, 126.607326
33.239105, 126.607283
33.239132, 126.607253
33.239163, 126.607229
33.239193, 126.607204
33.239219, 126.607180
33.239247, 126.607153
33.239271, 126.607126
33.239294, 126.607100
33.239315, 126.607074
33.239332, 126.607045
33.239346, 126.607016
33.239355, 126.606988
33.239354, 126.606955
33.239351, 126.606923
33.239351, 126.606883
33.239355, 126.606853
33.239357, 126.606821
33.239359, 126.606786
33.239363, 126.606751
33.239367, 126.606713
33.239371, 126.606670
33.239374, 126.606627
33.239379, 126.606586
33.239386, 126.606547
33.239396, 126.606509
33.239411, 126.606473
33.239429, 126.606438
33.239447, 126.606402
33.239460, 126.606362
33.239469, 126.606322
33.239477, 126.606286
33.239485, 126.606251
33.239494, 126.606217
33.239503, 126.606182
33.239512, 126.606145
33.239525, 126.606111
33.239538, 126.606079
33.239554, 126.606049
33.239575, 126.606024
33.239603, 126.605993
33.239633, 126.605960
33.239658, 126.605936
33.239702, 126.605901
33.239731, 126.605883
33.239761, 126.605866
33.239793, 126.605846
33.239824, 126.605825
33.239856, 126.605808
33.239886, 126.605792
33.239912, 126.605776
33.239933, 126.605757
33.239950, 126.605732
33.239963, 126.605701
33.239973, 126.605669
33.239980, 126.605639
33.239983, 126.605605
33.239978, 126.605572
33.239967, 126.605541
33.239956, 126.605511
33.239948, 126.605479
33.239945, 126.605439
33.239946, 126.605394
33.239950, 126.605347
33.239955, 126.605300
33.239957, 126.605253
33.239960, 126.605207
33.239963, 126.605161
33.239964, 126.605118
33.239962, 126.605076
33.239959, 126.605035
33.239959, 126.604995
33.239958, 126.604954
33.239951, 126.604916
33.239938, 126.604882
33.239924, 126.604848
33.239910, 126.604815
33.239897, 126.604782
33.239884, 126.604750
33.239872, 126.604717
33.239855, 126.604686
33.239832, 126.604648
33.239811, 126.604623
33.239775, 126.604584
33.239754, 126.604560
33.239738, 126.604536
33.239649, 126.604487
33.239554, 126.604480
33.239466, 126.604448
33.239440, 126.604430
33.239416, 126.604416
33.239320, 126.604367
33.239232, 126.604317
33.239151, 126.604266
33.239086, 126.604215
33.239060, 126.604190
33.239003, 126.604136
33.238979, 126.604112
33.238955, 126.604086
33.238932, 126.604059
33.238911, 126.604029
33.238893, 126.603996
33.238875, 126.603963
33.238838, 126.603903
33.238823, 126.603873
33.238814, 126.603844
33.238805, 126.603807
33.238798, 126.603780
33.238785, 126.603746
33.238772, 126.603722
33.238758, 126.603683
33.238751, 126.603650
33.238747, 126.603614
33.238744, 126.603576
33.238740, 126.603540
33.238735, 126.603493
33.238732, 126.603453
33.238729, 126.603417
33.238724, 126.603386
33.238717, 126.603348
33.238710, 126.603306
33.238707, 126.603259
33.238705, 126.603215
33.238702, 126.603172
33.238699, 126.603131
33.238697, 126.603088
33.238696, 126.603044
33.238698, 126.603003
33.238699, 126.602964
33.238699, 126.602916
33.238701, 126.602880
33.238706, 126.602843
33.238711, 126.602810
33.238710, 126.602784
33.238709, 126.602760
33.238705, 126.602738
33.238702, 126.602716
33.238698, 126.602696
33.238687, 126.602664
33.238679, 126.602640
33.238672, 126.602624
33.238665, 126.602614
33.238655, 126.602608
33.238638, 126.602603
33.238622, 126.602599
33.238605, 126.602593
33.238573, 126.602581
33.238558, 126.602575
33.238541, 126.602568
33.238523, 126.602561
33.238487, 126.602547
33.238455, 126.602528
33.238418, 126.602485
33.238401, 126.602462
33.238384, 126.602447
33.238365, 126.602438
33.238345, 126.602431
33.238326, 126.602426
33.238310, 126.602421
33.238295, 126.602418
33.238284, 126.602412
33.238273, 126.602409
33.238259, 126.602407
33.238238, 126.602402
33.238219, 126.602395
33.238202, 126.602381
33.238186, 126.602354
33.238177, 126.602337
33.238171, 126.602322
33.238162, 126.602302
33.238155, 126.602280
33.238142, 126.602234
33.238133, 126.602194
33.238129, 126.602180
33.238124, 126.602170
33.238111, 126.602142
33.238092, 126.602101
33.238072, 126.602071
33.238047, 126.602051
33.238021, 126.602042
33.237992, 126.602039
33.237960, 126.602043
33.237926, 126.602051
33.237897, 126.602060
33.237871, 126.602069
33.237846, 126.602075
33.237827, 126.602075
33.237801, 126.602070
33.237769, 126.602059
33.237732, 126.602042
33.237694, 126.602022
33.237658, 126.601998
33.237624, 126.601969
33.237593, 126.601936
33.237563, 126.601901
33.237535, 126.601872
33.237507, 126.601851
33.237480, 126.601835
33.237457, 126.601818
33.237442, 126.601803
33.237436, 126.601792
33.237421, 126.601743
33.237407, 126.601698
33.237383, 126.601652
33.237368, 126.601620
33.237350, 126.601589
33.237327, 126.601560
33.237305, 126.601528
33.237282, 126.601495
33.237258, 126.601461
33.237235, 126.601427
33.237215, 126.601393
33.237196, 126.601359
33.237178, 126.601324
33.237162, 126.601289
33.237145, 126.601255
33.237128, 126.601222
33.237112, 126.601187
33.237096, 126.601153
33.237083, 126.601120
33.237069, 126.601090
33.237052, 126.601066
33.237031, 126.601038
33.237012, 126.601007
33.236995, 126.600975
33.236979, 126.600943
33.236964, 126.600910
33.236949, 126.600879
33.236935, 126.600847
33.236921, 126.600815
33.236907, 126.600784
33.236891, 126.600756
33.236873, 126.600732
33.236857, 126.600705
33.236845, 126.600676
33.236833, 126.600646
33.236821, 126.600614
33.236809, 126.600580
33.236797, 126.600545
33.236787, 126.600511
33.236779, 126.600477
33.236773, 126.600441
33.236767, 126.600404
33.236760, 126.600367
33.236752, 126.600329
33.236744, 126.600291
33.236737, 126.600253
33.236731, 126.600214
33.236722, 126.600176
33.236712, 126.600138
33.236701, 126.600102
33.236688, 126.600067
33.236673, 126.600034
33.236653, 126.600004
33.236631, 126.599973
33.236610, 126.599941
33.236588, 126.599911
33.236565, 126.599882
33.236544, 126.599852
33.236522, 126.599823
33.236501, 126.599793
33.236480, 126.599764
33.236456, 126.599736
33.236432, 126.599708
33.236410, 126.599679
33.236389, 126.599650
33.236368, 126.599620
33.236347, 126.599589
33.236326, 126.599561
33.236306, 126.599532
33.236286, 126.599502
33.236267, 126.599471
33.236248, 126.599442
33.236231, 126.599409
33.236217, 126.599374
33.236204, 126.599339
33.236191, 126.599305
33.236181, 126.599270
33.236171, 126.599235
33.236164, 126.599200
33.236158, 126.599164
33.236151, 126.599129
33.236144, 126.599092
33.236137, 126.599054
33.236132, 126.599015
33.236128, 126.598976
33.236126, 126.598937
33.236131, 126.598897
33.236139, 126.598859
33.236150, 126.598822
33.236162, 126.598786
33.236169, 126.598747
33.236174, 126.598709
33.236178, 126.598673
33.236180, 126.598637
33.236180, 126.598597
33.236176, 126.598556
33.236169, 126.598518
33.236163, 126.598479
33.236156, 126.598441
33.236149, 126.598402
33.236145, 126.598363
33.236143, 126.598324
33.236142, 126.598287
33.236143, 126.598249
33.236143, 126.598211
33.236146, 126.598174
33.236150, 126.598136
33.236159, 126.598099
33.236169, 126.598062
33.236178, 126.598029
33.236192, 126.597996
33.236209, 126.597964
33.236224, 126.597933
33.236240, 126.597903
33.236257, 126.597875
33.236274, 126.597849
33.236289, 126.597823
33.236308, 126.597794
33.236325, 126.597764
33.236343, 126.597733
33.236363, 126.597704
33.236383, 126.597678
33.236401, 126.597653
33.236419, 126.597624
33.236439, 126.597595
33.236460, 126.597564
33.236479, 126.597533
33.236497, 126.597500
33.236515, 126.597464
33.236531, 126.597431
33.236548, 126.597397
33.236565, 126.597363
33.236583, 126.597329
33.236602, 126.597294
33.236620, 126.597262
33.236641, 126.597232
33.236661, 126.597202
33.236681, 126.597172
33.236700, 126.597142
33.236716, 126.597107
33.236732, 126.597072
33.236746, 126.597042
33.236759, 126.597010
33.236772, 126.596977
33.236779, 126.596949
33.236787, 126.596925
33.236791, 126.596896
33.236794, 126.596863
33.236796, 126.596828
33.236795, 126.596793
33.236796, 126.596757
33.236801, 126.596720
33.236810, 126.596685
33.236823, 126.596650
33.236836, 126.596617
33.236849, 126.596586
33.236861, 126.596551
33.236874, 126.596514
33.236890, 126.596478
33.236905, 126.596444
33.236922, 126.596410
33.236936, 126.596378
33.236947, 126.596344
33.236959, 126.596309
33.236969, 126.596276
33.236981, 126.596248
33.236992, 126.596222
33.237002, 126.596199
33.237016, 126.596172
33.237019, 126.596166
33.237032, 126.596136
33.237047, 126.596104
33.237061, 126.596069
33.237077, 126.596032
33.237094, 126.595994
33.237109, 126.595955
33.237124, 126.595916
33.237138, 126.595877
33.237152, 126.595842
33.237162, 126.595806
33.237164, 126.595771
33.237161, 126.595739
33.237154, 126.595711
33.237142, 126.595688
33.237129, 126.595671
33.237115, 126.595656
33.237105, 126.595638
33.237096, 126.595616
33.237086, 126.595596
33.237076, 126.595577
33.237068, 126.595553
33.237060, 126.595528
33.237054, 126.595500
33.237053, 126.595471
33.237055, 126.595440
33.237056, 126.595411
33.237056, 126.595386
33.237053, 126.595362
33.237051, 126.595336
33.237052, 126.595310
33.237057, 126.595281
33.237062, 126.595254
33.237065, 126.595232
33.237066, 126.595207
33.237066, 126.595179
33.237068, 126.595152
33.237073, 126.595123
33.237082, 126.595090
33.237094, 126.595058
33.237108, 126.595025
33.237123, 126.594991
33.237136, 126.594961
33.237146, 126.594931
33.237158, 126.594900
33.237173, 126.594870
33.237189, 126.594842
33.237205, 126.594812
33.237222, 126.594785
33.237240, 126.594760
33.237263, 126.594739
33.237285, 126.594717
33.237305, 126.594697
33.237322, 126.594679
33.237337, 126.594659
33.237353, 126.594638
33.237368, 126.594615
33.237381, 126.594592
33.237395, 126.594571
33.237408, 126.594555
33.237417, 126.594546
33.237426, 126.594537
33.237439, 126.594528
33.237458, 126.594510
33.237465, 126.594500
33.237470, 126.594490
33.237473, 126.594481
33.237476, 126.594470
33.237480, 126.594454
33.237485, 126.594436
33.237493, 126.594418
33.237506, 126.594402
33.237535, 126.594380
33.237540, 126.594381
33.237554, 126.594383
33.237587, 126.594387
33.237603, 126.594391
33.237693, 126.594390
33.237704, 126.594391
33.237718, 126.594387
33.237736, 126.594372
33.237747, 126.594338
33.237748, 126.594320
33.237747, 126.594305
33.237748, 126.594291
33.237753, 126.594267
33.237780, 126.594199
33.237790, 126.594171
33.237803, 126.594136
33.237815, 126.594111
33.237827, 126.594082
33.237835, 126.594052
33.237844, 126.594017
33.237859, 126.593964
33.237865, 126.593937
33.237869, 126.593922
33.237872, 126.593904
33.237876, 126.593886
33.237880, 126.593867
33.237903, 126.593746
33.237915, 126.593704
33.237925, 126.593678
33.237935, 126.593645
33.237952, 126.593594
33.237969, 126.593552
33.237984, 126.593521
33.238007, 126.593483
33.238044, 126.593446
33.238081, 126.593422
33.238117, 126.593405
33.238137, 126.593396
33.238175, 126.593374
33.238247, 126.593316
33.238254, 126.593290
33.238261, 126.593252
33.238271, 126.593216
33.238289, 126.593180
33.238360, 126.593102
33.238388, 126.593090
33.238427, 126.593089
33.238472, 126.593082
33.238500, 126.593076
33.238526, 126.593075
33.238577, 126.593054
33.238594, 126.593036
33.238618, 126.593005
33.238627, 126.592988
33.238635, 126.592974
33.238654, 126.592954
33.238671, 126.592941
33.238692, 126.592927
33.238710, 126.592910
33.238728, 126.592889
33.238759, 126.592861
33.238794, 126.592830
33.238826, 126.592803
33.238853, 126.592778
33.238881, 126.592754
33.238913, 126.592732
33.238942, 126.592711
33.238968, 126.592691
33.238992, 126.592673
33.239014, 126.592654
33.239034, 126.592633
33.239050, 126.592611
33.239066, 126.592587
33.239081, 126.592561
33.239095, 126.592534
33.239108, 126.592508
33.239117, 126.592479
33.239125, 126.592452
33.239134, 126.592426
33.239140, 126.592401
33.239144, 126.592380
33.239148, 126.592360
33.239152, 126.592335
33.239152, 126.592320
33.239151, 126.592304
33.239156, 126.592284
33.239163, 126.592268
33.239172, 126.592250
33.239178, 126.592231
33.239182, 126.592210
33.239184, 126.592184
33.239184, 126.592156
33.239182, 126.592127
33.239179, 126.592099
33.239174, 126.592059
33.239168, 126.592006
33.239170, 126.591982
33.239176, 126.591950
33.239186, 126.591919
33.239216, 126.591864
33.239236, 126.591840
33.239251, 126.591825
33.239264, 126.591815
33.239281, 126.591810
33.239320, 126.591800
33.239360, 126.591787
33.239434, 126.591751
33.239468, 126.591745
33.239491, 126.591749
33.239512, 126.591754
33.239532, 126.591760
33.239547, 126.591764
33.239581, 126.591779
33.239596, 126.591788
33.239615, 126.591800
33.239659, 126.591826
33.239700, 126.591853
33.239731, 126.591880
33.239756, 126.591908
33.239768, 126.591921
33.239781, 126.591936
33.239808, 126.591960
33.239836, 126.591983
33.239857, 126.592002
33.239871, 126.592018
33.239896, 126.592040
33.239914, 126.592055
33.239932, 126.592075
33.239942, 126.592096
33.239956, 126.592119
33.239981, 126.592141
33.240028, 126.592160
33.240070, 126.592173
33.240167, 126.592215
33.240225, 126.592238
33.240264, 126.592251
33.240299, 126.592267
33.240331, 126.592289
33.240364, 126.592319
33.240385, 126.592337
33.240403, 126.592352
33.240422, 126.592367
33.240439, 126.592379
33.240454, 126.592388
33.240474, 126.592402
33.240486, 126.592412
33.240498, 126.592426
33.240516, 126.592444
33.240531, 126.592456
33.240548, 126.592468
33.240579, 126.592486
33.240608, 126.592500
33.240633, 126.592512
33.240652, 126.592525
33.240671, 126.592547
33.240688, 126.592567
33.240710, 126.592598
33.240727, 126.592614
33.240745, 126.592626
33.240770, 126.592638
33.240785, 126.592640
33.240796, 126.592638
33.240806, 126.592633
33.240816, 126.592625
33.240826, 126.592614
33.240834, 126.592603
33.240841, 126.592594
33.240845, 126.592581
33.240848, 126.592581
33.240856, 126.592579
33.240875, 126.592571
33.240905, 126.592558
33.240936, 126.592545
33.240957, 126.592533
33.240996, 126.592510
33.241023, 126.592491
33.241033, 126.592466
33.241046, 126.592444
33.241062, 126.592427
33.241082, 126.592413
33.241118, 126.592380
33.241136, 126.592366
33.241160, 126.592349
33.241185, 126.592334
33.241207, 126.592308
33.241221, 126.592272
33.241225, 126.592236
33.241223, 126.592202
33.241221, 126.592170
33.241220, 126.592141
33.241216, 126.592111
33.241209, 126.592080
33.241199, 126.592045
33.241169, 126.591972
33.241157, 126.591939
33.241150, 126.591907
33.241145, 126.591872
33.241140, 126.591835
33.241134, 126.591798
33.241131, 126.591762
33.241134, 126.591728
33.241141, 126.591697
33.241147, 126.591672
33.241152, 126.591652
33.241153, 126.591645
33.241185, 126.591635
33.241213, 126.591639
33.241231, 126.591641
33.241250, 126.591643
33.241273, 126.591648
33.241297, 126.591654
33.241321, 126.591659
33.241341, 126.591664
33.241358, 126.591667
33.241373, 126.591670
33.241390, 126.591669
33.241412, 126.591661
33.241434, 126.591642
33.241457, 126.591612
33.241477, 126.591575
33.241492, 126.591537
33.241501, 126.591499
33.241510, 126.591462
33.241516, 126.591427
33.241524, 126.591393
33.241534, 126.591359
33.241545, 126.591327
33.241559, 126.591295
33.241573, 126.591265
33.241588, 126.591234
33.241603, 126.591202
33.241618, 126.591168
33.241630, 126.591132
33.241641, 126.591092
33.241654, 126.591050
33.241669, 126.591013
33.241687, 126.590980
33.241706, 126.590946
33.241721, 126.590913
33.241735, 126.590878
33.241750, 126.590847
33.241763, 126.590816
33.241775, 126.590782
33.241787, 126.590745
33.241801, 126.590706
33.241814, 126.590669
33.241819, 126.590633
33.241822, 126.590596
33.241826, 126.590559
33.241832, 126.590527
33.241840, 126.590496
33.241852, 126.590466
33.241866, 126.590437
33.241879, 126.590404
33.241891, 126.590371
33.241906, 126.590340
33.241924, 126.590310
33.241948, 126.590283
33.241980, 126.590259
33.242014, 126.590241
33.242048, 126.590226
33.242082, 126.590212
33.242115, 126.590198
33.242151, 126.590185
33.242188, 126.590178
33.242226, 126.590176
33.242261, 126.590182
33.242293, 126.590192
33.242321, 126.590203
33.242350, 126.590213
33.242379, 126.590225
33.242407, 126.590238
33.242433, 126.590252
33.242460, 126.590265
33.242485, 126.590278
33.242509, 126.590291
33.242535, 126.590304
33.242562, 126.590317
33.242590, 126.590331
33.242619, 126.590343
33.242649, 126.590356
33.242677, 126.590370
33.242704, 126.590384
33.242727, 126.590399
33.242749, 126.590416
33.242772, 126.590435
33.242798, 126.590452
33.242825, 126.590465
33.242853, 126.590477
33.242883, 126.590487
33.242909, 126.590498
33.242936, 126.590513
33.242961, 126.590528
33.242989, 126.590531
33.243017, 126.590521
33.243040, 126.590502
33.243060, 126.590476
33.243079, 126.590448
33.243096, 126.590416
33.243110, 126.590384
33.243122, 126.590350
33.243131, 126.590317
33.243134, 126.590283
33.243129, 126.590238
33.243116, 126.590204
33.243103, 126.590171
33.243100, 126.590136
33.243102, 126.590104
33.243110, 126.590075
33.243125, 126.590051
33.243143, 126.590030
33.243161, 126.590010
33.243185, 126.589998
33.243214, 126.589989
33.243241, 126.589975
33.243264, 126.589957
33.243282, 126.589935
33.243299, 126.589908
33.243315, 126.589877
33.243327, 126.589842
33.243335, 126.589806
33.243342, 126.589768
33.243352, 126.589730
33.243363, 126.589691
33.243373, 126.589651
33.243381, 126.589612
33.243388, 126.589573
33.243398, 126.589537
33.243407, 126.589500
33.243417, 126.589465
33.243426, 126.589431
33.243436, 126.589394
33.243444, 126.589361
33.243454, 126.589327
33.243463, 126.589293
33.243472, 126.589260
33.243485, 126.589229
33.243498, 126.589198
33.243512, 126.589167
33.243527, 126.589138
33.243542, 126.589110
33.243556, 126.589080
33.243573, 126.589048
33.243588, 126.589013
33.243603, 126.588979
33.243614, 126.588944
33.243624, 126.588907
33.243632, 126.588869
33.243637, 126.588829
33.243640, 126.588790
33.243644, 126.588752
33.243651, 126.588716
33.243660, 126.588684
33.243670, 126.588652
33.243678, 126.588619
33.243687, 126.588586
33.243691, 126.588550
33.243692, 126.588514
33.243696, 126.588479
33.243701, 126.588445
33.243704, 126.588411
33.243706, 126.588377
33.243708, 126.588343
33.243711, 126.588309
33.243716, 126.588275
33.243723, 126.588238
33.243729, 126.588201
33.243734, 126.588165
33.243736, 126.588127
33.243736, 126.588086
33.243738, 126.588046
33.243740, 126.588008
33.243745, 126.587973
33.243752, 126.587938
33.243757, 126.587902
33.243764, 126.587866
33.243770, 126.587827
33.243777, 126.587788
33.243783, 126.587750
33.243789, 126.587712
33.243797, 126.587672
33.243810, 126.587634
33.243825, 126.587597
33.243836, 126.587558
33.243840, 126.587518
33.243837, 126.587478
33.243835, 126.587439
33.243837, 126.587400
33.243842, 126.587361
33.243852, 126.587324
33.243864, 126.587288
33.243874, 126.587253
33.243885, 126.587219
33.243899, 126.587186
33.243915, 126.587152
33.243928, 126.587118
33.243943, 126.587085
33.243958, 126.587053
33.243972, 126.587020
33.243985, 126.586987
33.244000, 126.586955
33.244015, 126.586923
33.244030, 126.586892
33.244046, 126.586859
33.244065, 126.586828
33.244080, 126.586799
33.244093, 126.586771
33.244105, 126.586741
33.244118, 126.586710
33.244130, 126.586680
33.244144, 126.586651
33.244162, 126.586624
33.244184, 126.586601
33.244210, 126.586580
33.244239, 126.586559
33.244266, 126.586539
33.244290, 126.586517
33.244314, 126.586492
33.244337, 126.586468
33.244360, 126.586445
33.244381, 126.586421
33.244401, 126.586395
33.244421, 126.586371
33.244438, 126.586344
33.244457, 126.586317
33.244475, 126.586289
33.244494, 126.586263
33.244513, 126.586236
33.244530, 126.586208
33.244545, 126.586182
33.244559, 126.586156
33.244574, 126.586128
33.244587, 126.586100
33.244599, 126.586070
33.244610, 126.586037
33.244618, 126.586003
33.244619, 126.585968
33.244617, 126.585931
33.244613, 126.585895
33.244606, 126.585860
33.244596, 126.585825
33.244582, 126.585792
33.244567, 126.585760
33.244550, 126.585728
33.244535, 126.585696
33.244522, 126.585661
33.244513, 126.585622
33.244505, 126.585584
33.244499, 126.585546
33.244493, 126.585508
33.244489, 126.585471
33.244484, 126.585436
33.244477, 126.585399
33.244470, 126.585362
33.244461, 126.585327
33.244449, 126.585294
33.244433, 126.585264
33.244416, 126.585238
33.244398, 126.585214
33.244377, 126.585191
33.244356, 126.585171
33.244330, 126.585153
33.244301, 126.585136
33.244271, 126.585120
33.244239, 126.585105
33.244209, 126.585090
33.244181, 126.585075
33.244152, 126.585062
33.244124, 126.585046
33.244099, 126.585025
33.244080, 126.584994
33.244066, 126.584957
33.244057, 126.584919
33.244050, 126.584881
33.244045, 126.584842
33.244039, 126.584802
33.244035, 126.584762
33.244038, 126.584720
33.244047, 126.584681
33.244058, 126.584643
33.244069, 126.584607
33.244080, 126.584571
33.244092, 126.584534
33.244103, 126.584497
33.244112, 126.584461
33.244121, 126.584424
33.244132, 126.584389
33.244143, 126.584354
33.244156, 126.584319
33.244170, 126.584283
33.244180, 126.584247
33.244188, 126.584212
33.244195, 126.584175
33.244202, 126.584139
33.244210, 126.584103
33.244217, 126.584066
33.244225, 126.584029
33.244230, 126.583989
33.244234, 126.583952
33.244235, 126.583918
33.244238, 126.583884
33.244242, 126.583849
33.244243, 126.583815
33.244243, 126.583782
33.244246, 126.583748
33.244250, 126.583714
33.244255, 126.583677
33.244260, 126.583640
33.244264, 126.583604
33.244266, 126.583567
33.244265, 126.583531
33.244261, 126.583496
33.244257, 126.583460
33.244252, 126.583423
33.244242, 126.583386
33.244229, 126.583352
33.244218, 126.583317
33.244205, 126.583286
33.244189, 126.583256
33.244173, 126.583227
33.244159, 126.583194
33.244149, 126.583161
33.244139, 126.583128
33.244129, 126.583095
33.244122, 126.583062
33.244114, 126.583029
33.244107, 126.582994
33.244102, 126.582960
33.244100, 126.582927
33.244097, 126.582893
33.244097, 126.582861
33.244098, 126.582824
33.244098, 126.582786
33.244097, 126.582748
33.244095, 126.582710
33.244093, 126.582671
33.244091, 126.582632
33.244090, 126.582595
33.244089, 126.582559
33.244087, 126.582520
33.244084, 126.582483
33.244080, 126.582446
33.244073, 126.582408
33.244065, 126.582372
33.244054, 126.582337
33.244044, 126.582302
33.244034, 126.582269
33.244024, 126.582235
33.244014, 126.582201
33.244007, 126.582169
33.244002, 126.582138
33.243997, 126.582106
33.243990, 126.582073
33.243986, 126.582040
33.243984, 126.582007
33.243984, 126.581973
33.243986, 126.581938
33.243992, 126.581906
33.244005, 126.581876
33.244027, 126.581852
33.244054, 126.581831
33.244076, 126.581819
33.244099, 126.581810
33.244122, 126.581805
33.244148, 126.581807
33.244169, 126.581811
33.244188, 126.581820
33.244208, 126.581831
33.244233, 126.581839
33.244274, 126.581849
33.244295, 126.581855
33.244318, 126.581862
33.244344, 126.581869
33.244371, 126.581876
33.244400, 126.581881
33.244423, 126.581886
33.244450, 126.581893
33.244485, 126.581904
33.244519, 126.581918
33.244548, 126.581930
33.244579, 126.581943
33.244610, 126.581955
33.244643, 126.581965
33.244683, 126.581975
33.244725, 126.581985
33.244766, 126.581996
33.244802, 126.582009
33.244835, 126.582022
33.244867, 126.582034
33.244897, 126.582044
33.244924, 126.582056
33.244951, 126.582069
33.244976, 126.582082
33.244998, 126.582091
33.245017, 126.582097
33.245043, 126.582106
33.245066, 126.582115
33.245090, 126.582123
33.245116, 126.582131
33.245143, 126.582137
33.245172, 126.582143
33.245193, 126.582149
33.245223, 126.582157
33.245258, 126.582172
33.245294, 126.582187
33.245329, 126.582205
33.245363, 126.582223
33.245397, 126.582237
33.245429, 126.582250
33.245461, 126.582265
33.245494, 126.582280
33.245525, 126.582295
33.245555, 126.582310
33.245588, 126.582324
33.245621, 126.582337
33.245653, 126.582348
33.245684, 126.582359
33.245714, 126.582370
33.245742, 126.582381
33.245769, 126.582394
33.245795, 126.582408
33.245821, 126.582423
33.245849, 126.582436
33.245876, 126.582449
33.245902, 126.582463
33.245925, 126.582477
33.245948, 126.582489
33.245971, 126.582502
33.245994, 126.582515
33.246018, 126.582530
33.246042, 126.582543
33.246066, 126.582554
33.246091, 126.582562
33.246116, 126.582568
33.246140, 126.582575
33.246166, 126.582582
33.246192, 126.582588
33.246217, 126.582593
33.246242, 126.582597
33.246268, 126.582598
33.246294, 126.582597
33.246335, 126.582588
33.246368, 126.582580
33.246416, 126.582574
33.246439, 126.582572
33.246464, 126.582572
33.246492, 126.582570
33.246525, 126.582566
33.246558, 126.582560
33.246591, 126.582557
33.246624, 126.582556
33.246652, 126.582564
33.246682, 126.582570
33.246736, 126.582578
33.246767, 126.582577
33.246793, 126.582573
33.246822, 126.582571
33.246851, 126.582570
33.246879, 126.582569
33.246907, 126.582567
33.246940, 126.582562
33.246973, 126.582555
33.247003, 126.582549
33.247032, 126.582541
33.247064, 126.582533
33.247096, 126.582525
33.247136, 126.582514
33.247168, 126.582502
33.247198, 126.582494
33.247232, 126.582494
33.247266, 126.582495
33.247299, 126.582497
33.247332, 126.582501
33.247364, 126.582506
33.247397, 126.582512
33.247428, 126.582519
33.247457, 126.582526
33.247487, 126.582533
33.247518, 126.582541
33.247549, 126.582549
33.247580, 126.582556
33.247608, 126.582563
33.247637, 126.582571
33.247667, 126.582579
33.247700, 126.582590
33.247734, 126.582599
33.247767, 126.582610
33.247799, 126.582624
33.247833, 126.582636
33.247865, 126.582646
33.247896, 126.582655
33.247927, 126.582665
33.247958, 126.582674
33.247988, 126.582681
33.248017, 126.582687
33.248045, 126.582688
33.248070, 126.582678
33.248088, 126.582647
33.248098, 126.582604
33.248103, 126.582563
33.248108, 126.582524
33.248111, 126.582484
33.248114, 126.582443
33.248120, 126.582403
33.248127, 126.582365
33.248136, 126.582327
33.248146, 126.582287
33.248154, 126.582246
33.248159, 126.582206
33.248164, 126.582168
33.248172, 126.582130
33.248182, 126.582094
33.248193, 126.582062
33.248202, 126.582032
33.248217, 126.581979
33.248226, 126.581937
33.248233, 126.581903
33.248240, 126.581869
33.248248, 126.581831
33.248255, 126.581793
33.248265, 126.581754
33.248274, 126.581716
33.248284, 126.581679
33.248294, 126.581640
33.248302, 126.581603
33.248308, 126.581567
33.248309, 126.581533
33.248309, 126.581501
33.248304, 126.581469
33.248299, 126.581435
33.248293, 126.581404
33.248287, 126.581371
33.248280, 126.581337
33.248274, 126.581304
33.248267, 126.581271
33.248262, 126.581238
33.248259, 126.581206
33.248257, 126.581173
33.248259, 126.581142
33.248263, 126.581113
33.248268, 126.581083
33.248274, 126.581054
33.248278, 126.581021
33.248282, 126.580990
33.248286, 126.580961
33.248287, 126.580931
33.248286, 126.580900
33.248279, 126.580868
33.248270, 126.580836
33.248259, 126.580805
33.248250, 126.580774
33.248246, 126.580741
33.248245, 126.580706
33.248245, 126.580671
33.248245, 126.580637
33.248243, 126.580602
33.248238, 126.580565
33.248229, 126.580524
33.248222, 126.580483
33.248214, 126.580443
33.248206, 126.580405
33.248196, 126.580370
33.248186, 126.580336
33.248182, 126.580300
33.248179, 126.580264
33.248178, 126.580227
33.248177, 126.580189
33.248174, 126.580150
33.248171, 126.580109
33.248169, 126.580068
33.248168, 126.580029
33.248167, 126.579990
33.248166, 126.579950
33.248163, 126.579912
33.248161, 126.579875
33.248160, 126.579838
33.248158, 126.579799
33.248155, 126.579759
33.248154, 126.579720
33.248150, 126.579683
33.248146, 126.579644
33.248142, 126.579606
33.248140, 126.579570
33.248140, 126.579536
33.248140, 126.579504
33.248140, 126.579472
33.248139, 126.579438
33.248136, 126.579400
33.248129, 126.579365
33.248122, 126.579329
33.248115, 126.579294
33.248108, 126.579260
33.248101, 126.579224
33.248096, 126.579186
33.248092, 126.579149
33.248087, 126.579113
33.248079, 126.579078
33.248073, 126.579045
33.248068, 126.579015
33.248062, 126.578984
33.248057, 126.578955
33.248050, 126.578925
33.248044, 126.578896
33.248040, 126.578865
33.248035, 126.578833
33.248028, 126.578801
33.248019, 126.578769
33.248012, 126.578737
33.248003, 126.578704
33.247994, 126.578668
33.247986, 126.578639
33.247975, 126.578609
33.247964, 126.578577
33.247954, 126.578546
33.247942, 126.578516
33.247928, 126.578487
33.247917, 126.578457
33.247905, 126.578425
33.247893, 126.578393
33.247884, 126.578359
33.247874, 126.578325
33.247863, 126.578292
33.247853, 126.578259
33.247843, 126.578227
33.247834, 126.578193
33.247828, 126.578159
33.247824, 126.578095
33.247767, 126.577990
33.247733, 126.577902
33.247720, 126.577872
33.247708, 126.577839
33.247697, 126.577803
33.247683, 126.577763
33.247667, 126.577717
33.247651, 126.577670
33.247635, 126.577627
33.247620, 126.577586
33.247604, 126.577544
33.247589, 126.577505
33.247576, 126.577465
33.247564, 126.577427
33.247552, 126.577391
33.247543, 126.577357
33.247533, 126.577322
33.247522, 126.577289
33.247511, 126.577257
33.247497, 126.577223
33.247474, 126.577202
33.247448, 126.577197
33.247426, 126.577211
33.247396, 126.577267
33.247386, 126.577313
33.247383, 126.577357
33.247381, 126.577401
33.247379, 126.577441
33.247383, 126.577481
33.247387, 126.577521
33.247393, 126.577559
33.247399, 126.577594
33.247401, 126.577629
33.247404, 126.577665
33.247407, 126.577703
33.247408, 126.577741
33.247411, 126.577774
33.247414, 126.577808
33.247421, 126.577845
33.247428, 126.577883
33.247433, 126.577920
33.247435, 126.577953
33.247425, 126.578014
33.247409, 126.578039
33.247382, 126.578056
33.247350, 126.578067
33.247277, 126.578083
33.247246, 126.578083
33.247221, 126.578082
33.247190, 126.578080
33.247158, 126.578076
33.247124, 126.578070
33.247091, 126.578062
33.247057, 126.578055
33.247022, 126.578048
33.246987, 126.578041
33.246954, 126.578035
33.246922, 126.578027
33.246888, 126.578023
33.246856, 126.578018
33.246826, 126.578009
33.246798, 126.577995
33.246771, 126.577981
33.246743, 126.577966
33.246717, 126.577953
33.246690, 126.577938
33.246664, 126.577924
33.246639, 126.577910
33.246615, 126.577895
33.246591, 126.577882
33.246566, 126.577872
33.246538, 126.577868
33.246513, 126.577852
33.246496, 126.577830
33.246475, 126.577814
33.246445, 126.577809
33.246410, 126.577803
33.246374, 126.577803
33.246339, 126.577808
33.246306, 126.577814
33.246274, 126.577819
33.246240, 126.577818
33.246206, 126.577815
33.246171, 126.577810
33.246140, 126.577804
33.246111, 126.577795
33.246086, 126.577779
33.246063, 126.577752
33.246048, 126.577725
33.246041, 126.577704
33.246035, 126.577681
33.246029, 126.577659
33.246023, 126.577635
33.246016, 126.577608
33.246009, 126.577582
33.246004, 126.577557
33.246001, 126.577530
33.246000, 126.577506
33.245999, 126.577484
33.245997, 126.577458
33.245991, 126.577431
33.245981, 126.577405
33.245967, 126.577382
33.245954, 126.577364
33.245948, 126.577357
33.245903, 126.577329
33.245874, 126.577331
33.245853, 126.577334
33.245830, 126.577338
33.245806, 126.577344
33.245783, 126.577352
33.245757, 126.577359
33.245732, 126.577366
33.245706, 126.577375
33.245679, 126.577386
33.245651, 126.577395
33.245623, 126.577399
33.245595, 126.577400
33.245568, 126.577402
33.245542, 126.577407
33.245515, 126.577416
33.245488, 126.577425
33.245461, 126.577434
33.245434, 126.577442
33.245407, 126.577452
33.245382, 126.577464
33.245359, 126.577480
33.245339, 126.577499
33.245321, 126.577520
33.245305, 126.577543
33.245301, 126.577550
33.245268, 126.577601
33.245265, 126.577612
33.245259, 126.577624
33.245185, 126.577590
33.245159, 126.577592
33.245125, 126.577597
33.245071, 126.577606
33.245040, 126.577616
33.245035, 126.577620
33.245036, 126.577625
33.245032, 126.577625
33.245027, 126.577622
33.245025, 126.577622
33.245039, 126.577569
33.245041, 126.577550
33.245036, 126.577511
33.245035, 126.577468
33.245037, 126.577436
33.245042, 126.577408
33.245047, 126.577381
33.245052, 126.577357
33.245058, 126.577335
33.245064, 126.577317
33.245068, 126.577305
33.245079, 126.577294
33.245095, 126.577289
33.245108, 126.577284
33.245136, 126.577274
33.245164, 126.577260
33.245186, 126.577240
33.245206, 126.577212
33.245221, 126.577178
33.245225, 126.577139
33.245229, 126.577098
33.245230, 126.577055
33.245228, 126.577015
33.245222, 126.576980
33.245211, 126.576955
33.245196, 126.576934
33.245179, 126.576914
33.245164, 126.576890
33.245151, 126.576860
33.245137, 126.576830
33.245127, 126.576798
33.245122, 126.576763
33.245124, 126.576726
33.245128, 126.576690
33.245132, 126.576656
33.245134, 126.576623
33.245134, 126.576595
33.245129, 126.576571
33.245121, 126.576551
33.245113, 126.576535
33.245106, 126.576520
33.245095, 126.576509
33.245080, 126.576497
33.245064, 126.576484
33.245047, 126.576468
33.245030, 126.576446
33.245012, 126.576420
33.244995, 126.576392
33.244979, 126.576362
33.244961, 126.576333
33.244940, 126.576308
33.244920, 126.576283
33.244900, 126.576260
33.244882, 126.576235
33.244864, 126.576209
33.244849, 126.576179
33.244839, 126.576145
33.244831, 126.576111
33.244819, 126.576078
33.244807, 126.576047
33.244796, 126.576016
33.244788, 126.575983
33.244783, 126.575950
33.244779, 126.575917
33.244774, 126.575883
33.244768, 126.575848
33.244761, 126.575813
33.244752, 126.575779
33.244742, 126.575746
33.244731, 126.575716
33.244723, 126.575680
33.244721, 126.575639
33.244720, 126.575597
33.244718, 126.575558
33.244715, 126.575519
33.244711, 126.575472
33.244708, 126.575439
33.244703, 126.575403
33.244694, 126.575370
33.244684, 126.575340
33.244670, 126.575311
33.244654, 126.575284
33.244641, 126.575261
33.244628, 126.575237
33.244616, 126.575212
33.244603, 126.575185
33.244586, 126.575158
33.244564, 126.575133
33.244543, 126.575107
33.244524, 126.575080
33.244506, 126.575052
33.244489, 126.575023
33.244475, 126.574998
33.244461, 126.574976
33.244447, 126.574955
33.244431, 126.574936
33.244415, 126.574919
33.244399, 126.574903
33.244384, 126.574883
33.244365, 126.574864
33.244342, 126.574849
33.244319, 126.574830
33.244302, 126.574797
33.244290, 126.574760
33.244287, 126.574718
33.244287, 126.574677
33.244290, 126.574639
33.244294, 126.574604
33.244296, 126.574571
33.244297, 126.574539
33.244295, 126.574512
33.244288, 126.574484
33.244279, 126.574456
33.244270, 126.574428
33.244260, 126.574400
33.244253, 126.574374
33.244244, 126.574347
33.244233, 126.574318
33.244222, 126.574286
33.244211, 126.574254
33.244203, 126.574222
33.244197, 126.574191
33.244196, 126.574160
33.244196, 126.574130
33.244196, 126.574102
33.244197, 126.574079
33.244199, 126.574056
33.244204, 126.574031
33.244214, 126.574004
33.244225, 126.573977
33.244238, 126.573952
33.244250, 126.573931
33.244258, 126.573918
33.244264, 126.573909
33.244271, 126.573899
33.244279, 126.573885
33.244287, 126.573864
33.244298, 126.573838
33.244313, 126.573814
33.244329, 126.573795
33.244341, 126.573771
33.244351, 126.573746
33.244362, 126.573720
33.244373, 126.573694
33.244381, 126.573668
33.244392, 126.573641
33.244405, 126.573614
33.244414, 126.573587
33.244423, 126.573560
33.244431, 126.573533
33.244435, 126.573505
33.244438, 126.573479
33.244438, 126.573454
33.244438, 126.573421
33.244438, 126.573399
33.244439, 126.573381
33.244442, 126.573364
33.244449, 126.573368
33.244465, 126.573379
33.244485, 126.573383
33.244505, 126.573382
33.244527, 126.573383
33.244554, 126.573388
33.244582, 126.573395
33.244617, 126.573402
33.244669, 126.573401
33.244675, 126.573398
33.244678, 126.573398
33.244715, 126.573383
33.244729, 126.573370
33.244740, 126.573358
33.244751, 126.573339
33.244763, 126.573311
33.244776, 126.573277
33.244789, 126.573238
33.244797, 126.573200
33.244804, 126.573168
33.244809, 126.573140
33.244814, 126.573112
33.244819, 126.573082
33.244825, 126.573047
33.244832, 126.573011
33.244840, 126.572974
33.244850, 126.572938
33.244859, 126.572903
33.244870, 126.572871
33.244884, 126.572823
33.244895, 126.572798
33.244906, 126.572769
33.244917, 126.572735
33.244930, 126.572702
33.244944, 126.572669
33.244959, 126.572636
33.244972, 126.572604
33.244985, 126.572573
33.244998, 126.572543
33.245011, 126.572512
33.245020, 126.572482
33.245028, 126.572450
33.245032, 126.572416
33.245032, 126.572381
33.245032, 126.572345
33.245032, 126.572312
33.245034, 126.572279
33.245037, 126.572247
33.245041, 126.572217
33.245045, 126.572185
33.245047, 126.572151
33.245047, 126.572114
33.245046, 126.572076
33.245046, 126.572039
33.245048, 126.572006
33.245050, 126.571973
33.245051, 126.571938
33.245053, 126.571905
33.245055, 126.571876
33.245056, 126.571845
33.245053, 126.571812
33.245051, 126.571780
33.245056, 126.571751
33.245074, 126.571732
33.245108, 126.571723
33.245126, 126.571723
33.245175, 126.571706
33.245191, 126.571728
33.245196, 126.571733
33.245175, 126.571700
33.245158, 126.571638
33.245147, 126.571593
33.245137, 126.571555
33.245130, 126.571521
33.245125, 126.571487
33.245121, 126.571454
33.245120, 126.571419
33.245119, 126.571381
33.245118, 126.571345
33.245121, 126.571311
33.245125, 126.571278
33.245123, 126.571245
33.245114, 126.571214
33.245104, 126.571182
33.245094, 126.571150
33.245084, 126.571116
33.245075, 126.571085
33.245067, 126.571054
33.245061, 126.571023
33.245052, 126.570988
33.245042, 126.570954
33.245034, 126.570921
33.245025, 126.570888
33.245016, 126.570857
33.245006, 126.570826
33.244995, 126.570794
33.244985, 126.570762
33.244974, 126.570732
33.244964, 126.570702
33.244956, 126.570672
33.244950, 126.570647
33.244947, 126.570629
33.244947, 126.570593
33.244934, 126.570548
33.244926, 126.570529
33.244918, 126.570521
33.244905, 126.570519
33.244886, 126.570518
33.244871, 126.570519
33.244864, 126.570520
33.244874, 126.570573
33.244877, 126.570575
33.244878, 126.570576
33.244879, 126.570536
33.244879, 126.570489
33.244878, 126.570456
33.244876, 126.570424
33.244873, 126.570394
33.244869, 126.570363
33.244864, 126.570332
33.244858, 126.570301
33.244851, 126.570259
33.244848, 126.570227
33.244845, 126.570195
33.244841, 126.570163
33.244836, 126.570132
33.244828, 126.570099
33.244822, 126.570067
33.244813, 126.570034
33.244798, 126.570002
33.244781, 126.569972
33.244763, 126.569945
33.244744, 126.569919
33.244726, 126.569894
33.244707, 126.569871
33.244686, 126.569847
33.244664, 126.569826
33.244640, 126.569806
33.244616, 126.569788
33.244590, 126.569773
33.244566, 126.569753
33.244545, 126.569729
33.244526, 126.569702
33.244510, 126.569672
33.244496, 126.569646
33.244482, 126.569619
33.244471, 126.569591
33.244457, 126.569563
33.244443, 126.569538
33.244419, 126.569501
33.244388, 126.569467
33.244370, 126.569458
33.244352, 126.569449
33.244334, 126.569442
33.244315, 126.569435
33.244295, 126.569428
33.244275, 126.569420
33.244255, 126.569412
33.244229, 126.569406
33.244189, 126.569405
33.244140, 126.569407
33.244091, 126.569410
33.244042, 126.569414
33.243995, 126.569420
33.243950, 126.569429
33.243909, 126.569438
33.243868, 126.569447
33.243829, 126.569451
33.243794, 126.569452
33.243758, 126.569450
33.243723, 126.569446
33.243687, 126.569439
33.243656, 126.569430
33.243638, 126.569427
33.243595, 126.569422
33.243602, 126.569370
33.243611, 126.569328
33.243622, 126.569292
33.243637, 126.569262
33.243653, 126.569236
33.243669, 126.569212
33.243685, 126.569186
33.243709, 126.569152
33.243728, 126.569114
33.243740, 126.569078
33.243743, 126.569043
33.243739, 126.569009
33.243730, 126.568979
33.243713, 126.568955
33.243691, 126.568936
33.243666, 126.568920
33.243639, 126.568906
33.243613, 126.568888
33.243589, 126.568866
33.243569, 126.568842
33.243548, 126.568818
33.243525, 126.568795
33.243501, 126.568772
33.243477, 126.568743
33.243458, 126.568718
33.243455, 126.568715
33.243426, 126.568707
33.243398, 126.568668
33.243380, 126.568632
33.243368, 126.568584
33.243363, 126.568528
33.243365, 126.568477
33.243366, 126.568435
33.243367, 126.568389
33.243370, 126.568345
33.243374, 126.568302
33.243378, 126.568257
33.243381, 126.568214
33.243381, 126.568174
33.243380, 126.568136
33.243379, 126.568100
33.243380, 126.568064
33.243385, 126.568028
33.243391, 126.567991
33.243397, 126.567954
33.243401, 126.567917
33.243406, 126.567881
33.243408, 126.567843
33.243406, 126.567805
33.243401, 126.567767
33.243397, 126.567731
33.243388, 126.567698
33.243379, 126.567666
33.243370, 126.567635
33.243362, 126.567604
33.243355, 126.567572
33.243355, 126.567538
33.243355, 126.567502
33.243353, 126.567468
33.243349, 126.567433
33.243346, 126.567402
33.243346, 126.567378
33.243347, 126.567378
33.243336, 126.567352
33.243325, 126.567291
33.243322, 126.567249
33.243321, 126.567199
33.243324, 126.567146
33.243333, 126.567094
33.243348, 126.567050
33.243376, 126.567013
33.243415, 126.566978
33.243451, 126.566947
33.243476, 126.566908
33.243488, 126.566869
33.243495, 126.566833
33.243500, 126.566799
33.243502, 126.566766
33.243502, 126.566735
33.243501, 126.566706
33.243498, 126.566676
33.243495, 126.566646
33.243492, 126.566616
33.243491, 126.566590
33.243488, 126.566564
33.243484, 126.566536
33.243479, 126.566507
33.243474, 126.566476
33.243468, 126.566445
33.243463, 126.566398
33.243462, 126.566369
33.243463, 126.566338
33.243465, 126.566306
33.243464, 126.566272
33.243463, 126.566237
33.243463, 126.566205
33.243460, 126.566171
33.243456, 126.566138
33.243457, 126.566107
33.243462, 126.566073
33.243467, 126.566038
33.243471, 126.566005
33.243475, 126.565974
33.243474, 126.565947
33.243449, 126.565902
33.243428, 126.565899
33.243405, 126.565880
33.243402, 126.565859
33.243402, 126.565830
33.243404, 126.565797
33.243406, 126.565762
33.243406, 126.565726
33.243406, 126.565690
33.243405, 126.565652
33.243404, 126.565612
33.243404, 126.565574
33.243406, 126.565539
33.243411, 126.565504
33.243415, 126.565470
33.243420, 126.565439
33.243424, 126.565408
33.243426, 126.565377
33.243427, 126.565349
33.243430, 126.565330
33.243438, 126.565317
33.243457, 126.565309
33.243478, 126.565307
33.243503, 126.565312
33.243529, 126.565318
33.243556, 126.565324
33.243582, 126.565326
33.243610, 126.565325
33.243639, 126.565323
33.243677, 126.565321
33.243714, 126.565321
33.243740, 126.565321
33.243766, 126.565322
33.243791, 126.565324
33.243813, 126.565326
33.243835, 126.565328
33.243857, 126.565329
33.243879, 126.565330
33.243900, 126.565330
33.243924, 126.565329
33.243951, 126.565329
33.243978, 126.565331
33.244008, 126.565332
33.244041, 126.565331
33.244078, 126.565329
33.244110, 126.565327
33.244140, 126.565324
33.244168, 126.565321
33.244194, 126.565319
33.244219, 126.565317
33.244244, 126.565312
33.244269, 126.565307
33.244296, 126.565304
33.244322, 126.565303
33.244350, 126.565303
33.244380, 126.565306
33.244412, 126.565309
33.244442, 126.565310
33.244474, 126.565310
33.244504, 126.565307
33.244535, 126.565304
33.244562, 126.565302
33.244590, 126.565298
33.244618, 126.565294
33.244648, 126.565290
33.244678, 126.565289
33.244707, 126.565290
33.244738, 126.565291
33.244769, 126.565291
33.244796, 126.565290
33.244825, 126.565288
33.244856, 126.565283
33.244888, 126.565278
33.244919, 126.565274
33.244948, 126.565273
33.244978, 126.565272
33.245007, 126.565269
33.245035, 126.565266
33.245061, 126.565267
33.245080, 126.565269
33.245097, 126.565268
33.245113, 126.565261
33.245130, 126.565248
33.245154, 126.565209
33.245162, 126.565185
33.245167, 126.565160
33.245169, 126.565132
33.245168, 126.565100
33.245164, 126.565068
33.245159, 126.565040
33.245143, 126.564988
33.245131, 126.564967
33.245114, 126.564947
33.245091, 126.564931
33.245070, 126.564916
33.245053, 126.564901
33.245030, 126.564880
33.245009, 126.564861
33.244991, 126.564843
33.244977, 126.564813
33.244969, 126.564786
33.244959, 126.564759
33.244946, 126.564726
33.244933, 126.564692
33.244921, 126.564660
33.244908, 126.564630
33.244898, 126.564605
33.244889, 126.564576
33.244873, 126.564533
33.244860, 126.564498
33.244850, 126.564464
33.244840, 126.564431
33.244831, 126.564397
33.244823, 126.564368
33.244815, 126.564341
33.244800, 126.564203
33.244805, 126.564183
33.244829, 126.564123
33.244825, 126.564129
33.244818, 126.564125
33.244807, 126.564128
33.244799, 126.564138
33.244794, 126.564164
33.244784, 126.564194
33.244761, 126.564223
33.244669, 126.564274
33.244627, 126.564296
33.244596, 126.564306
33.244486, 126.564315
33.244454, 126.564319
33.244423, 126.564320
33.244391, 126.564322
33.244359, 126.564321
33.244298, 126.564314
33.244242, 126.564306
33.244214, 126.564303
33.244185, 126.564304
33.244156, 126.564303
33.244120, 126.564296
33.244092, 126.564288
33.244064, 126.564280
33.244036, 126.564274
33.244008, 126.564266
33.243977, 126.564253
33.243945, 126.564239
33.243913, 126.564227
33.243881, 126.564214
33.243850, 126.564202
33.243818, 126.564192
33.243787, 126.564181
33.243758, 126.564168
33.243728, 126.564157
33.243700, 126.564151
33.243674, 126.564144
33.243641, 126.564131
33.243615, 126.564121
33.243588, 126.564110
33.243556, 126.564096
33.243528, 126.564081
33.243514, 126.564072
33.243492, 126.564064
33.243465, 126.564054
33.243438, 126.564047
33.243412, 126.564039
33.243388, 126.564031
33.243362, 126.564021
33.243325, 126.564004
33.243293, 126.563987
33.243261, 126.563972
33.243230, 126.563959
33.243199, 126.563950
33.243169, 126.563942
33.243139, 126.563933
33.243109, 126.563922
33.243079, 126.563910
33.243048, 126.563899
33.243017, 126.563888
33.242986, 126.563879
33.242954, 126.563869
33.242922, 126.563860
33.242890, 126.563849
33.242859, 126.563834
33.242831, 126.563814
33.242803, 126.563793
33.242775, 126.563770
33.242747, 126.563750
33.242722, 126.563729
33.242702, 126.563714
33.242685, 126.563700
33.242671, 126.563687
33.242647, 126.563664
33.242588, 126.563617
33.242565, 126.563593
33.242517, 126.563547
33.242495, 126.563525
33.242475, 126.563504
33.242458, 126.563480
33.242441, 126.563454
33.242426, 126.563425
33.242410, 126.563396
33.242394, 126.563367
33.242379, 126.563337
33.242363, 126.563308
33.242345, 126.563279
33.242327, 126.563250
33.242310, 126.563222
33.242293, 126.563196
33.242276, 126.563170
33.242258, 126.563143
33.242238, 126.563116
33.242212, 126.563094
33.242187, 126.563074
33.242168, 126.563056
33.242151, 126.563035
33.242135, 126.563009
33.242121, 126.562989
33.242106, 126.562973
33.242094, 126.562962
33.242081, 126.562951
33.242040, 126.562907
33.242027, 126.562891
33.242006, 126.562862
33.241989, 126.562837
33.241961, 126.562793
33.241932, 126.562754
33.241903, 126.562718
33.241882, 126.562689
33.241861, 126.562661
33.241840, 126.562631
33.241818, 126.562603
33.241792, 126.562571
33.241775, 126.562548
33.241758, 126.562526
33.241743, 126.562504
33.241727, 126.562479
33.241709, 126.562452
33.241689, 126.562427
33.241667, 126.562394
33.241645, 126.562357
33.241623, 126.562321
33.241601, 126.562288
33.241583, 126.562250
33.241567, 126.562213
33.241554, 126.562179
33.241543, 126.562148
33.241535, 126.562120
33.241527, 126.562094
33.241518, 126.562071
33.241509, 126.562046
33.241497, 126.562021
33.241485, 126.561996
33.241475, 126.561967
33.241464, 126.561936
33.241453, 126.561907
33.241441, 126.561876
33.241427, 126.561845
33.241410, 126.561814
33.241395, 126.561782
33.241384, 126.561750
33.241374, 126.561718
33.241364, 126.561653
33.241378, 126.561622
33.241405, 126.561600
33.241436, 126.561583
33.241468, 126.561569
33.241499, 126.561559
33.241531, 126.561552
33.241563, 126.561545
33.241594, 126.561536
33.241625, 126.561526
33.241653, 126.561517
33.241681, 126.561508
33.241709, 126.561498
33.241738, 126.561488
33.241768, 126.561482
33.241797, 126.561477
33.241827, 126.561477
33.241860, 126.561483
33.241892, 126.561492
33.241922, 126.561505
33.241949, 126.561522
33.241974, 126.561542
33.241996, 126.561562
33.242017, 126.561581
33.242040, 126.561599
33.242077, 126.561622
33.242095, 126.561632
33.242102, 126.561642
33.242103, 126.561645
33.242152, 126.561683
33.242184, 126.561706
33.242226, 126.561736
33.242266, 126.561768
33.242302, 126.561794
33.242337, 126.561817
33.242372, 126.561838
33.242406, 126.561858
33.242437, 126.561877
33.242468, 126.561895
33.242498, 126.561915
33.242525, 126.561938
33.242552, 126.561961
33.242579, 126.561982
33.242605, 126.562000
33.242633, 126.562013
33.242662, 126.562021
33.242692, 126.562029
33.242720, 126.562036
33.242749, 126.562043
33.242781, 126.562049
33.242809, 126.562063
33.242835, 126.562082
33.242857, 126.562102
33.242879, 126.562119
33.242896, 126.562139
33.242919, 126.562163
33.242935, 126.562179
33.242951, 126.562197
33.242967, 126.562215
33.242985, 126.562231
33.243023, 126.562259
33.243043, 126.562268
33.243069, 126.562269
33.243094, 126.562273
33.243116, 126.562277
33.243131, 126.562274
33.243140, 126.562271
33.243152, 126.562265
33.243166, 126.562256
33.243180, 126.562247
33.243197, 126.562237
33.243215, 126.562228
33.243236, 126.562220
33.243260, 126.562214
33.243285, 126.562207
33.243311, 126.562198
33.243337, 126.562187
33.243364, 126.562174
33.243399, 126.562157
33.243429, 126.562144
33.243461, 126.562133
33.243492, 126.562122
33.243525, 126.562111
33.243556, 126.562102
33.243583, 126.562094
33.243618, 126.562084
33.243646, 126.562079
33.243673, 126.562073
33.243701, 126.562066
33.243725, 126.562060
33.243749, 126.562050
33.243774, 126.562039
33.243794, 126.562030
33.243815, 126.562020
33.243841, 126.562007
33.243870, 126.561991
33.243898, 126.561972
33.243925, 126.561951
33.243951, 126.561932
33.243979, 126.561919
33.244008, 126.561908
33.244038, 126.561902
33.244067, 126.561899
33.244105, 126.561900
33.244149, 126.561906
33.244174, 126.561914
33.244200, 126.561924
33.244230, 126.561937
33.244262, 126.561946
33.244290, 126.561957
33.244318, 126.561963
33.244344, 126.561965
33.244371, 126.561957
33.244393, 126.561940
33.244404, 126.561915
33.244401, 126.561891
33.244386, 126.561872
33.244363, 126.561857
33.244340, 126.561842
33.244326, 126.561824
33.244221, 126.561816
33.244363, 126.561838
33.244359, 126.561815
33.244361, 126.561776
33.244365, 126.561734
33.244371, 126.561704
33.244379, 126.561673
33.244390, 126.561641
33.244401, 126.561610
33.244416, 126.561580
33.244456, 126.561532
33.244479, 126.561514
33.244501, 126.561499
33.244523, 126.561488
33.244544, 126.561477
33.244566, 126.561466
33.244587, 126.561455
33.244609, 126.561443
33.244633, 126.561431
33.244658, 126.561416
33.244680, 126.561398
33.244702, 126.561379
33.244726, 126.561363
33.244759, 126.561344
33.244785, 126.561327
33.244811, 126.561309
33.244838, 126.561291
33.244864, 126.561273
33.244887, 126.561255
33.244907, 126.561238
33.244923, 126.561221
33.244938, 126.561206
33.244952, 126.561188
33.244965, 126.561166
33.244977, 126.561142
33.244990, 126.561119
33.245004, 126.561099
33.245019, 126.561081
33.245036, 126.561064
33.245052, 126.561045
33.245068, 126.561027
33.245084, 126.561010
33.245101, 126.560992
33.245120, 126.560976
33.245140, 126.560961
33.245160, 126.560947
33.245182, 126.560935
33.245203, 126.560924
33.245212, 126.560921
33.245243, 126.560909
33.245260, 126.560897
33.245276, 126.560881
33.245294, 126.560865
33.245330, 126.560830
33.245351, 126.560809
33.245373, 126.560785
33.245394, 126.560760
33.245414, 126.560735
33.245435, 126.560713
33.245456, 126.560694
33.245476, 126.560675
33.245495, 126.560657
33.245515, 126.560637
33.245535, 126.560609
33.245555, 126.560579
33.245575, 126.560551
33.245594, 126.560522
33.245615, 126.560484
33.245640, 126.560442
33.245654, 126.560416
33.245691, 126.560335
33.245710, 126.560288
33.245724, 126.560242
33.245736, 126.560206
33.245754, 126.560150
33.245768, 126.560072
33.245774, 126.559962
33.245776, 126.559917
33.245777, 126.559872
33.245778, 126.559829
33.245784, 126.559792
33.245792, 126.559757
33.245799, 126.559724
33.245808, 126.559688
33.245817, 126.559656
33.245828, 126.559626
33.245853, 126.559525
33.245860, 126.559501
33.245865, 126.559487
33.245887, 126.559446
33.245917, 126.559373
33.245936, 126.559266
33.245949, 126.559208
33.245956, 126.559165
33.245964, 126.559119
33.245972, 126.559074
33.245984, 126.559012
33.245998, 126.558946
33.246006, 126.558914
33.246020, 126.558864
33.246037, 126.558813
33.246052, 126.558779
33.246099, 126.558703
33.246103, 126.558694
33.246123, 126.558636
33.246131, 126.558613
33.246140, 126.558589
33.246200, 126.558485
33.246229, 126.558456
33.246281, 126.558414
33.246311, 126.558389
33.246327, 126.558371
33.246338, 126.558351
33.246348, 126.558326
33.246371, 126.558272
33.246423, 126.558169
33.246441, 126.558129
33.246491, 126.557998
33.246511, 126.557946
33.246523, 126.557904
33.246545, 126.557834
33.246560, 126.557787
33.246581, 126.557718
33.246592, 126.557679
33.246609, 126.557604
33.246612, 126.557572
33.246622, 126.557473
33.246636, 126.557380
33.246640, 126.557343
33.246643, 126.557315
33.246641, 126.557294
33.246641, 126.557278
33.246635, 126.557247
33.246630, 126.557210
33.246628, 126.557172
33.246627, 126.557126
33.246619, 126.557012
33.246618, 126.556991
33.246615, 126.556966
33.246608, 126.556929
33.246603, 126.556908
33.246592, 126.556857
33.246586, 126.556835
33.246577, 126.556795
33.246572, 126.556771
33.246564, 126.556736
33.246559, 126.556711
33.246555, 126.556686
33.246551, 126.556659
33.246547, 126.556627
33.246543, 126.556595
33.246536, 126.556559
33.246529, 126.556523
33.246528, 126.556463
33.246532, 126.556433
33.246545, 126.556392
33.246564, 126.556355
33.246586, 126.556334
33.246661, 126.556258
33.246673, 126.556232
33.246682, 126.556201
33.246692, 126.556155
33.246697, 126.556127
33.246698, 126.556064
33.246696, 126.556030
33.246693, 126.555997
33.246689, 126.555966
33.246681, 126.555927
33.246669, 126.555830
33.246668, 126.555802
33.246659, 126.555727
33.246656, 126.555706
33.246649, 126.555669
33.246640, 126.555625
33.246631, 126.555584
33.246630, 126.555502
33.246631, 126.555474
33.246633, 126.555445
33.246640, 126.555392
33.246655, 126.555318
33.246660, 126.555305
33.246665, 126.555295
33.246680, 126.555255
33.246731, 126.555145
33.246753, 126.555114
33.246819, 126.555001
33.246829, 126.554978
33.246839, 126.554951
33.246845, 126.554931
33.246863, 126.554871
33.246876, 126.554821
33.246933, 126.554730
33.246953, 126.554723
33.246976, 126.554725
33.247015, 126.554736
33.247107, 126.554766
33.247139, 126.554783
33.247176, 126.554808
33.247195, 126.554822
33.247211, 126.554835
33.247241, 126.554853
33.247284, 126.554879
33.247311, 126.554895
33.247395, 126.554947
33.247402, 126.554953
33.247429, 126.554975
33.247456, 126.555000
33.247552, 126.555091
33.247657, 126.555102
33.247690, 126.555011
33.247702, 126.554953
33.247707, 126.554925
33.247727, 126.554827
33.247739, 126.554787
33.247755, 126.554712
33.247761, 126.554659
33.247763, 126.554614
33.247766, 126.554576
33.247772, 126.554528
33.247776, 126.554483
33.247780, 126.554440
33.247784, 126.554398
33.247789, 126.554357
33.247794, 126.554315
33.247796, 126.554273
33.247797, 126.554231
33.247795, 126.554189
33.247787, 126.554161
33.247768, 126.554143
33.247748, 126.554126
33.247726, 126.554111
33.247705, 126.554100
33.247682, 126.554092
33.247655, 126.554086
33.247631, 126.554080
33.247584, 126.554078
33.247540, 126.554070
33.247513, 126.554060
33.247486, 126.554041
33.247466, 126.554020
33.247455, 126.553998
33.247447, 126.553969
33.247439, 126.553900
33.247435, 126.553864
33.247433, 126.553808
33.247434, 126.553764
33.247439, 126.553727
33.247448, 126.553685
33.247462, 126.553643
33.247488, 126.553597
33.247514, 126.553564
33.247550, 126.553522
33.247569, 126.553493
33.247585, 126.553463
33.247594, 126.553446
33.247617, 126.553454
33.247631, 126.553501
33.247632, 126.553529
33.247627, 126.553564
33.247610, 126.553600
33.247587, 126.553625
33.247562, 126.553651
33.247532, 126.553681
33.247506, 126.553714
33.247454, 126.553788
33.247427, 126.553814
33.247394, 126.553834
33.247361, 126.553849
33.247331, 126.553863
33.247301, 126.553876
33.247269, 126.553884
33.247236, 126.553889
33.247203, 126.553895
33.247170, 126.553901
33.247138, 126.553908
33.247107, 126.553917
33.247077, 126.553927
33.247046, 126.553937
33.247013, 126.553945
33.246980, 126.553949
33.246948, 126.553949
33.246915, 126.553944
33.246884, 126.553933
33.246855, 126.553916
33.246831, 126.553893
33.246810, 126.553868
33.246789, 126.553842
33.246771, 126.553815
33.246751, 126.553778
33.246712, 126.553690
33.246693, 126.553651
33.246637, 126.553556
33.246613, 126.553526
33.246580, 126.553494
33.246554, 126.553477
33.246519, 126.553465
33.246484, 126.553460
33.246453, 126.553454
33.246362, 126.553434
33.246322, 126.553426
33.246283, 126.553419
33.246257, 126.553408
33.246237, 126.553399
33.246212, 126.553384
33.246170, 126.553367
33.246147, 126.553363
33.246123, 126.553364
33.246057, 126.553415
33.246015, 126.553459
33.245985, 126.553499
33.245955, 126.553545
33.245933, 126.553584
33.245915, 126.553633
33.245905, 126.553680
33.245905, 126.553717
33.245918, 126.553775
33.245941, 126.553819
33.245963, 126.553846
33.246034, 126.553941
33.246059, 126.553977
33.246086, 126.554023
33.246102, 126.554065
33.246111, 126.554107
33.246112, 126.554145
33.246107, 126.554189
33.246100, 126.554230
33.246091, 126.554271
33.246078, 126.554319
33.246065, 126.554360
33.246041, 126.554422
33.246026, 126.554449
33.246010, 126.554474
33.245992, 126.554498
33.245970, 126.554517
33.245946, 126.554533
33.245895, 126.554560
33.245876, 126.554570
33.245852, 126.554583
33.245832, 126.554595
33.245814, 126.554601
33.245794, 126.554600
33.245780, 126.554593
33.245770, 126.554589
33.245729, 126.554560
33.245687, 126.554515
33.245665, 126.554487
33.245644, 126.554454
33.245627, 126.554421
33.245609, 126.554384
33.245561, 126.554293
33.245523, 126.554241
33.245447, 126.554179
33.245419, 126.554170
33.245355, 126.554192
33.245280, 126.554220
33.245240, 126.554234
33.245205, 126.554245
33.245094, 126.554285
33.245032, 126.554328
33.245003, 126.554358
33.244978, 126.554394
33.244935, 126.554506
33.244922, 126.554536
33.244888, 126.554598
33.244876, 126.554616
33.244859, 126.554637
33.244827, 126.554670
33.244796, 126.554702
33.244770, 126.554736
33.244746, 126.554779
33.244726, 126.554827
33.244710, 126.554872
33.244695, 126.554917
33.244684, 126.554952
33.244669, 126.554994
33.244653, 126.555026
33.244628, 126.555064
33.244612, 126.555083
33.244598, 126.555096
33.244584, 126.555108
33.244553, 126.555130
33.244531, 126.555181
33.244529, 126.555213
33.244525, 126.555305
33.244522, 126.555349
33.244521, 126.555390
33.244522, 126.555429
33.244524, 126.555464
33.244527, 126.555492
33.244530, 126.555523
33.244544, 126.555632
33.244574, 126.555632
33.244627, 126.555651
33.244681, 126.555637
33.244725, 126.555616
33.244762, 126.555600
33.244803, 126.555586
33.244840, 126.555571
33.244888, 126.555556
33.244950, 126.555545
33.244992, 126.555541
33.245043, 126.555547
33.245070, 126.555563
33.245095, 126.555602
33.245113, 126.555648
33.245122, 126.555710
33.245123, 126.555758
33.245117, 126.555799
33.245108, 126.555836
33.245095, 126.555871
33.245083, 126.555909
33.245069, 126.555957
33.245059, 126.555989
33.245050, 126.556031
33.245047, 126.556073
33.245048, 126.556115
33.245053, 126.556154
33.245060, 126.556194
33.245062, 126.556236
33.245058, 126.556278
33.245041, 126.556312
33.244983, 126.556311
33.244938, 126.556300
33.244905, 126.556290
33.244805, 126.556235
33.244786, 126.556207
33.244757, 126.556137
33.244741, 126.556115
33.244718, 126.556098
33.244685, 126.556095
33.244664, 126.556101
33.244640, 126.556111
33.244621, 126.556122
33.244607, 126.556136
33.244594, 126.556156
33.244578, 126.556181
33.244555, 126.556208
33.244533, 126.556226
33.244501, 126.556242
33.244473, 126.556251
33.244445, 126.556254
33.244393, 126.556250
33.244361, 126.556244
33.244330, 126.556236
33.244300, 126.556229
33.244266, 126.556217
33.244249, 126.556207
33.244233, 126.556196
33.244230, 126.556181
33.244212, 126.556171
33.244171, 126.556151
33.244146, 126.556141
33.244110, 126.556128
33.244075, 126.556116
33.244036, 126.556102
33.243976, 126.556081
33.243931, 126.556066
33.243857, 126.556034
33.243835, 126.556015
33.243817, 126.555984
33.243804, 126.555931
33.243790, 126.555887
33.243772, 126.555815
33.243770, 126.555733
33.243775, 126.555691
33.243789, 126.555613
33.243804, 126.555545
33.243815, 126.555484
33.243819, 126.555450
33.243822, 126.555422
33.243824, 126.555388
33.243824, 126.555358
33.243835, 126.555236
33.243839, 126.555210
33.243843, 126.555157
33.243843, 126.555147
33.243838, 126.555130
33.243820, 126.555089
33.243804, 126.555057
33.243784, 126.555025
33.243762, 126.554994
33.243679, 126.554909
33.243665, 126.554896
33.243653, 126.554883
33.243637, 126.554864
33.243602, 126.554831
33.243585, 126.554819
33.243546, 126.554792
33.243516, 126.554772
33.243492, 126.554756
33.243468, 126.554741
33.243433, 126.554719
33.243364, 126.554673
33.243336, 126.554655
33.243305, 126.554632
33.243261, 126.554600
33.243200, 126.554561
33.243117, 126.554512
33.243090, 126.554496
33.243062, 126.554481
33.243032, 126.554465
33.242993, 126.554444
33.242940, 126.554413
33.242916, 126.554397
33.242864, 126.554355
33.242846, 126.554338
33.242823, 126.554316
33.242799, 126.554297
33.242777, 126.554281
33.242750, 126.554264
33.242719, 126.554244
33.242689, 126.554225
33.242657, 126.554206
33.242626, 126.554188
33.242594, 126.554171
33.242563, 126.554154
33.242527, 126.554134
33.242499, 126.554123
33.242452, 126.554106
33.242362, 126.554142
33.242337, 126.554159
33.242246, 126.554199
33.242230, 126.554209
33.242214, 126.554223
33.242197, 126.554236
33.242179, 126.554246
33.242168, 126.554249
33.242112, 126.554237
33.242124, 126.554197
33.242135, 126.554166
33.242156, 126.554132
33.242182, 126.554103
33.242207, 126.554071
33.242229, 126.554046
33.242273, 126.554019
33.242296, 126.553993
33.242332, 126.553966
33.242348, 126.553941
33.242346, 126.553906
33.242340, 126.553861
33.242332, 126.553830
33.242312, 126.553765
33.242297, 126.553729
33.242287, 126.553686
33.242270, 126.553634
33.242256, 126.553594
33.242246, 126.553563
33.242236, 126.553532
33.242214, 126.553471
33.242202, 126.553430
33.242189, 126.553386
33.242177, 126.553337
33.242167, 126.553290
33.242164, 126.553265
33.242165, 126.553248
33.242167, 126.553210
33.242166, 126.553152
33.242166, 126.553129
33.242168, 126.553104
33.242170, 126.553073
33.242173, 126.553040
33.242188, 126.552986
33.242207, 126.552919
33.242228, 126.552824
33.242264, 126.552699
33.242285, 126.552633
33.242302, 126.552598
33.242328, 126.552559
33.242353, 126.552517
33.242374, 126.552472
33.242392, 126.552427
33.242408, 126.552384
33.242420, 126.552347
33.242429, 126.552312
33.242440, 126.552260
33.242463, 126.552176
33.242492, 126.552111
33.242503, 126.552088
33.242519, 126.552055
33.242533, 126.552025
33.242545, 126.551994
33.242561, 126.551951
33.242570, 126.551931
33.242582, 126.551890
33.242590, 126.551853
33.242598, 126.551817
33.242604, 126.551783
33.242616, 126.551705
33.242633, 126.551583
33.242654, 126.551475
33.242661, 126.551438
33.242668, 126.551401
33.242673, 126.551361
33.242678, 126.551321
33.242681, 126.551284
33.242684, 126.551251
33.242688, 126.551217
33.242691, 126.551179
33.242693, 126.551142
33.242694, 126.551105
33.242697, 126.551067
33.242703, 126.551030
33.242712, 126.550994
33.242721, 126.550955
33.242732, 126.550915
33.242745, 126.550876
33.242775, 126.550804
33.242844, 126.550697
33.242895, 126.550652
33.242951, 126.550608
33.243005, 126.550564
33.243074, 126.550512
33.243115, 126.550479
33.243146, 126.550456
33.243176, 126.550433
33.243238, 126.550393
33.243307, 126.550366
33.243326, 126.550363
33.243380, 126.550353
33.243402, 126.550351
33.243426, 126.550346
33.243472, 126.550335
33.243508, 126.550327
33.243627, 126.550296
33.243657, 126.550287
33.243725, 126.550278
33.243759, 126.550275
33.243787, 126.550267
33.243814, 126.550256
33.243864, 126.550225
33.243883, 126.550202
33.243901, 126.550174
33.243919, 126.550145
33.243938, 126.550116
33.243956, 126.550091
33.243985, 126.550032
33.243997, 126.550003
33.244010, 126.549976
33.244038, 126.549930
33.244050, 126.549909
33.244061, 126.549886
33.244069, 126.549862
33.244075, 126.549839
33.244078, 126.549812
33.244085, 126.549757
33.244113, 126.549666
33.244137, 126.549579
33.244149, 126.549544
33.244169, 126.549468
33.244173, 126.549440
33.244169, 126.549386
33.244165, 126.549338
33.244156, 126.549232
33.244154, 126.549215
33.244151, 126.549183
33.244148, 126.549149
33.244142, 126.549087
33.244131, 126.548995
33.244128, 126.548955
33.244124, 126.548894
33.244122, 126.548849
33.244122, 126.548804
33.244121, 126.548753
33.244127, 126.548677
33.244135, 126.548588
33.244137, 126.548559
33.244139, 126.548529
33.244137, 126.548500
33.244133, 126.548370
33.244135, 126.548353
33.244138, 126.548333
33.244144, 126.548282
33.244159, 126.548202
33.244167, 126.548169
33.244177, 126.548137
33.244188, 126.548099
33.244197, 126.548069
33.244205, 126.548044
33.244225, 126.547973
33.244254, 126.547889
33.244288, 126.547798
33.244324, 126.547648
33.244336, 126.547591
33.244349, 126.547531
33.244353, 126.547517
33.244388, 126.547354
33.244366, 126.547300
33.244363, 126.547217
33.244362, 126.547201
33.244361, 126.547178
33.244355, 126.547095
33.244352, 126.547056
33.244350, 126.547031
33.244348, 126.546993
33.244346, 126.546911
33.244345, 126.546875
33.244343, 126.546834
33.244341, 126.546801
33.244338, 126.546760
33.244334, 126.546715
33.244324, 126.546594
33.244322, 126.546529
33.244323, 126.546467
33.244323, 126.546441
33.244322, 126.546410
33.244280, 126.546205
33.244263, 126.546167
33.244235, 126.546130
33.244207, 126.546098
33.244184, 126.546077
33.244102, 126.546014
33.244080, 126.546000
33.243994, 126.545949
33.243909, 126.545887
33.243892, 126.545878
33.243863, 126.545867
33.243852, 126.545863
33.243795, 126.545847
33.243786, 126.545835
33.243780, 126.545833
33.243764, 126.545832
33.243730, 126.545827
33.243660, 126.545819
33.243629, 126.545819
33.243599, 126.545827
33.243534, 126.545868
33.243500, 126.545915
33.243485, 126.545946
33.243469, 126.545983
33.243453, 126.546022
33.243436, 126.546084
33.243428, 126.546136
33.243427, 126.546174
33.243427, 126.546219
33.243429, 126.546273
33.243431, 126.546304
33.243436, 126.546341
33.243440, 126.546373
33.243441, 126.546405
33.243445, 126.546452
33.243450, 126.546497
33.243454, 126.546521
33.243458, 126.546547
33.243464, 126.546580
33.243469, 126.546607
33.243473, 126.546638
33.243478, 126.546677
33.243483, 126.546719
33.243508, 126.546872
33.243516, 126.546941
33.243521, 126.547010
33.243528, 126.547109
33.243529, 126.547210
33.243525, 126.547268
33.243518, 126.547309
33.243507, 126.547356
33.243496, 126.547396
33.243489, 126.547432
33.243481, 126.547476
33.243470, 126.547524
33.243460, 126.547569
33.243456, 126.547594
33.243439, 126.547703
33.243436, 126.547738
33.243435, 126.547769
33.243439, 126.547804
33.243443, 126.547845
33.243440, 126.547885
33.243419, 126.547921
33.243333, 126.547971
33.243311, 126.547970
33.243275, 126.547963
33.243263, 126.547962
33.243243, 126.547961
33.243179, 126.547960
33.243170, 126.547954
33.243136, 126.547944
33.243120, 126.547941
33.243098, 126.547937
33.243079, 126.547936
33.243057, 126.547936
33.243006, 126.547944
33.242996, 126.547946
33.242988, 126.547948
33.242983, 126.547949
33.242977, 126.547949
33.242954, 126.547950
33.242941, 126.547952
33.242926, 126.547952
33.242906, 126.547949
33.242887, 126.547944
33.242868, 126.547940
33.242847, 126.547937
33.242832, 126.547936
33.242816, 126.547935
33.242803, 126.547936
33.242789, 126.547936
33.242759, 126.547935
33.242730, 126.547930
33.242716, 126.547928
33.242707, 126.547928
33.242698, 126.547932
33.242687, 126.547935
33.242669, 126.547940
33.242647, 126.547944
33.242635, 126.547947
33.242619, 126.547952
33.242591, 126.547959
33.242578, 126.547966
33.242562, 126.547979
33.242548, 126.547993
33.242524, 126.548020
33.242508, 126.548049
33.242473, 126.548110
33.242463, 126.548127
33.242455, 126.548141
33.242443, 126.548146
33.242403, 126.548154
33.242368, 126.548152
33.242351, 126.548156
33.242336, 126.548161
33.242322, 126.548165
33.242308, 126.548169
33.242291, 126.548174
33.242278, 126.548179
33.242254, 126.548194
33.242247, 126.548197
33.242237, 126.548199
33.242219, 126.548202
33.242197, 126.548205
33.242180, 126.548211
33.242071, 126.548277
33.242054, 126.548283
33.242023, 126.548291
33.241996, 126.548296
33.241969, 126.548299
33.241944, 126.548302
33.241926, 126.548302
33.241888, 126.548303
33.241867, 126.548305
33.241847, 126.548307
33.241825, 126.548309
33.241805, 126.548313
33.241743, 126.548326
33.241717, 126.548331
33.241692, 126.548336
33.241662, 126.548347
33.241639, 126.548348
33.241615, 126.548340
33.241594, 126.548330
33.241571, 126.548315
33.241549, 126.548295
33.241530, 126.548274
33.241511, 126.548248
33.241490, 126.548218
33.241473, 126.548190
33.241459, 126.548164
33.241451, 126.548141
33.241448, 126.548121
33.241461, 126.548086
33.241509, 126.548032
33.241506, 126.548030
33.241502, 126.548021
33.241499, 126.548012
33.241495, 126.548003
33.241491, 126.547993
33.241486, 126.547985
33.241478, 126.547974
33.241471, 126.547970
33.241461, 126.547963
33.241446, 126.547950
33.241427, 126.547932
33.241406, 126.547911
33.241385, 126.547891
33.241363, 126.547867
33.241342, 126.547843
33.241322, 126.547818
33.241307, 126.547796
33.241297, 126.547775
33.241290, 126.547752
33.241291, 126.547728
33.241298, 126.547702
33.241310, 126.547676
33.241330, 126.547653
33.241362, 126.547629
33.241387, 126.547618
33.241409, 126.547610
33.241424, 126.547606
33.241430, 126.547610
33.241430, 126.547621
33.241427, 126.547633
33.241422, 126.547639
33.241413, 126.547649
33.241403, 126.547655
33.241390, 126.547662
33.241375, 126.547671
33.241363, 126.547677
33.241348, 126.547669
33.241321, 126.547643
33.241288, 126.547620
33.241253, 126.547601
33.241218, 126.547581
33.241186, 126.547560
33.241154, 126.547532
33.241124, 126.547498
33.241094, 126.547464
33.241068, 126.547430
33.241045, 126.547398
33.241029, 126.547367
33.241011, 126.547334
33.240991, 126.547302
33.240971, 126.547271
33.240949, 126.547246
33.240934, 126.547217
33.240934, 126.547183
33.240946, 126.547136
33.240956, 126.547112
33.240969, 126.547094
33.240975, 126.547091
33.240978, 126.547090
33.240983, 126.547090
33.240981, 126.547095
33.240973, 126.547114
33.240984, 126.547218
33.241003, 126.547267
33.241040, 126.547357
33.241059, 126.547407
33.241088, 126.547497
33.241100, 126.547555
33.241104, 126.547586
33.241106, 126.547606
33.241107, 126.547625
33.241107, 126.547625