33.241251, 126.547909
33.241261, 126.547900
33.241264, 126.547903
33.241264, 126.547920
33.241261, 126.547951
33.241255, 126.547997
33.241240, 126.548094
33.241219, 126.548180
33.241185, 126.548244
33.241164, 126.548269
33.241156, 126.548287
33.241154, 126.548315
33.241157, 126.548352
33.241166, 126.548399
33.241186, 126.548493
33.241191, 126.548539
33.241186, 126.548583
33.241170, 126.548625
33.241144, 126.548664
33.241020, 126.548817
33.240950, 126.548878
33.240868, 126.548907
33.240646, 126.548939
33.240606, 126.548946
33.240577, 126.548953
33.240559, 126.548961
33.240551, 126.548969
33.240548, 126.548978
33.240543, 126.548979
33.240533, 126.548972
33.240516, 126.548957
33.240493, 126.548935
33.240442, 126.548883
33.240371, 126.548833
33.240339, 126.548805
33.240314, 126.548770
33.240298, 126.548727
33.240288, 126.548678
33.240275, 126.548541
33.240267, 126.548493
33.240254, 126.548454
33.240236, 126.548425
33.240213, 126.548406
33.240188, 126.548392
33.240174, 126.548391
33.240155, 126.548402
33.240133, 126.548426
33.240107, 126.548462
33.239893, 126.548788
33.239680, 126.548763
33.239816, 126.548764
33.239857, 126.548759
33.239892, 126.548745
33.239919, 126.548722
33.239938, 126.548689
33.239954, 126.548651
33.239966, 126.548619
33.239969, 126.548596
33.239969, 126.548588
33.239977, 126.548556
33.240004, 126.548480
33.240034, 126.548396
33.240044, 126.548353
33.240044, 126.548310
33.240034, 126.548266
33.240014, 126.548222
33.239926, 126.548066
33.239622, 126.547735
33.239409, 126.547569
33.239330, 126.547525
33.239244, 126.547509
33.239149, 126.547507
33.239065, 126.547532
33.238979, 126.547548
33.238891, 126.547543
33.238572, 126.547494
33.238487, 126.547499
33.238409, 126.547541
33.238352, 126.547588
33.238327, 126.547608
33.238307, 126.547622
33.238294, 126.547630
33.238287, 126.547631
33.238283, 126.547628
33.238286, 126.547624
33.238299, 126.547613
33.238322, 126.547595
33.238356, 126.547570
33.238507, 126.547461
33.238575, 126.547395
33.238624, 126.547309
33.238781, 126.546929
33.238960, 126.546547
33.238978, 126.546512
33.238989, 126.546500
33.238992, 126.546512
33.238988, 126.546548
33.238980, 126.546595
33.238979, 126.546641
33.238993, 126.546684
33.239003, 126.546705
33.239013, 126.546712
33.239031, 126.546712
33.239058, 126.546704
33.239093, 126.546689
33.239133, 126.546670
33.239181, 126.546665
33.239248, 126.546688
33.239285, 126.546706
33.239328, 126.546719
33.239380, 126.546719
33.239408, 126.546717
33.239424, 126.546719
33.239444, 126.546730
33.239467, 126.546748
33.239494, 126.546775
33.239551, 126.546835
33.239605, 126.546915
33.239634, 126.546950
33.239667, 126.546976
33.239705, 126.546991
33.239748, 126.546996
33.239810, 126.546997
33.239874, 126.546987
33.239939, 126.546953
33.239972, 126.546931
33.240008, 126.546891
33.240049, 126.546815
33.240226, 126.546445
33.240238, 126.546379
33.240239, 126.546303
33.240219, 126.546211
33.240204, 126.546160
33.240176, 126.546102
33.240125, 126.546032
33.239949, 126.545813
33.239856, 126.545627
33.239835, 126.545587
33.239818, 126.545559
33.239806, 126.545543
33.239797, 126.545539
33.239791, 126.545541
33.239790, 126.545541
33.239794, 126.545540
33.239802, 126.545537
33.239814, 126.545532
33.239829, 126.545527
33.239852, 126.545501
33.239893, 126.545432
33.240085, 126.545087
33.240186, 126.544984
33.240216, 126.544946
33.240238, 126.544904
33.240253, 126.544858
33.240260, 126.544806
33.240263, 126.544743
33.240252, 126.544674
33.240214, 126.544592
33.240069, 126.544344
33.239981, 126.544155
33.239938, 126.544080
33.239895, 126.544044
33.239852, 126.544027
33.239797, 126.544024
33.239739, 126.544003
33.239675, 126.543948
33.239561, 126.543823
33.239490, 126.543761
33.239409, 126.543718
33.239145, 126.543617
33.239106, 126.543599
33.239075, 126.543578
33.239051, 126.543555
33.239036, 126.543528
33.239024, 126.543500
33.239021, 126.543484
33.239025, 126.543462
33.239035, 126.543435
33.239051, 126.543403
33.239071, 126.543368
33.239085, 126.543352
33.239107, 126.543338
33.239139, 126.543327
33.239179, 126.543319
33.239300, 126.543299
33.239385, 126.543273
33.239464, 126.543224
33.239617, 126.543100
33.240020, 126.542903
33.240097, 126.542852
33.240161, 126.542780
33.240396, 126.542448
33.240424, 126.542365
33.240441, 126.542276
33.240432, 126.542176
33.240406, 126.542049
33.240399, 126.542002
33.240400, 126.541962
33.240408, 126.541932
33.240423, 126.541910
33.240442, 126.541893
33.240479, 126.541881
33.240551, 126.541882
33.240633, 126.541887
33.240712, 126.541876
33.240788, 126.541831
33.240884, 126.541752
33.240901, 126.541737
33.241012, 126.541680
33.241025, 126.541609
33.241303, 126.541407
33.241374, 126.541343
33.241432, 126.541264
33.241627, 126.540941
33.241685, 126.540859
33.241733, 126.540771
33.241761, 126.540672
33.241799, 126.540447
33.241806, 126.540343
33.241791, 126.540239
33.241724, 126.539978
33.241724, 126.539933
33.241733, 126.539875
33.241763, 126.539791
33.241795, 126.539713
33.241814, 126.539677
33.241840, 126.539647
33.241873, 126.539622
33.241913, 126.539603
33.241971, 126.539582
33.241998, 126.539565
33.242019, 126.539539
33.242034, 126.539501
33.242044, 126.539454
33.242052, 126.539388
33.242048, 126.539315
33.242020, 126.539227
33.241940, 126.539043
33.241880, 126.538948
33.241839, 126.538857
33.241825, 126.538754
33.241825, 126.538549
33.241837, 126.538401
33.241834, 126.538296
33.241810, 126.538194
33.241768, 126.538073
33.241589, 126.537821
33.241493, 126.537560
33.241415, 126.537319
33.241135, 126.536611
33.240962, 126.536261
33.240925, 126.536165
33.240908, 126.536062
33.240898, 126.535924
33.240877, 126.535824
33.240829, 126.535738
33.240598, 126.535444
33.240426, 126.535053
33.240230, 126.534805
33.240116, 126.534705
33.240057, 126.534630
33.240025, 126.534535
33.239934, 126.534031
33.239802, 126.533612
33.239760, 126.533521
33.239696, 126.533450
33.239652, 126.533413
33.239631, 126.533390
33.239615, 126.533360
33.239604, 126.533321
33.239597, 126.533275
33.239587, 126.533174
33.239622, 126.532835
33.239619, 126.532427
33.239631, 126.532324
33.239668, 126.532230
33.239752, 126.532077
33.240173, 126.531513
33.240209, 126.531424
33.240257, 126.531346
33.240327, 126.531292
33.240409, 126.531250
33.240627, 126.531174
33.240712, 126.531162
33.240796, 126.531186
33.240886, 126.531231
33.241244, 126.531400
33.241711, 126.531543
33.242008, 126.531591
33.242092, 126.531619
33.242166, 126.531674
33.242547, 126.532053
33.242874, 126.532326
33.242920, 126.532434
33.242960, 126.532491
33.243010, 126.532546
33.243080, 126.532597
33.243243, 126.532696
33.243326, 126.532756
33.243406, 126.532801
33.243492, 126.532824
33.244082, 126.532906
33.244123, 126.532908
33.244157, 126.532901
33.244184, 126.532887
33.244205, 126.532864
33.244221, 126.532836
33.244237, 126.532789
33.244251, 126.532703
33.244423, 126.531292
33.244678, 126.530380
33.244678, 126.530291
33.244670, 126.530210
33.244643, 126.530144
33.244625, 126.530114
33.244590, 126.530086
33.244520, 126.530062
33.243886, 126.529898
33.243228, 126.529649
33.242729, 126.529543
33.242250, 126.529454
33.241816, 126.529265
33.241243, 126.528936
33.241176, 126.528880
33.241136, 126.528804
33.241123, 126.528761
33.241114, 126.528702
33.241113, 126.528611
33.241119, 126.528403
33.241112, 126.528297
33.241086, 126.528197
33.241021, 126.528021
33.240994, 126.527943
33.240985, 126.527908
33.240985, 126.527893
33.241057, 126.527215
33.241059, 126.527109
33.241045, 126.527004
33.240993, 126.526766
33.240960, 126.526671
33.240904, 126.526594
33.240870, 126.526561
33.240823, 126.526528
33.240750, 126.526497
33.240650, 126.526463
33.240613, 126.526443
33.240589, 126.526414
33.240577, 126.526375
33.240579, 126.526327
33.240595, 126.526219
33.240620, 126.526126
33.240664, 126.526060
33.240690, 126.526034
33.240713, 126.525987
33.240728, 126.525901
33.240770, 126.525499
33.240769, 126.525372
33.240800, 126.524951
33.240781, 126.524681
33.240977, 126.523513
33.241107, 126.523087
33.241142, 126.523003
33.241184, 126.522953
33.241208, 126.522936
33.241219, 126.522921
33.241228, 126.522896
33.241236, 126.522860
33.241242, 126.522812
33.241261, 126.522619
33.241260, 126.522525
33.241265, 126.522481
33.241280, 126.522444
33.241306, 126.522413
33.241342, 126.522390
33.241432, 126.522345
33.241469, 126.522325
33.241495, 126.522306
33.241510, 126.522287
33.241515, 126.522269
33.241516, 126.522233
33.241482, 126.521863
33.241485, 126.521759
33.241515, 126.521661
33.241626, 126.521414
33.241643, 126.521366
33.241651, 126.521318
33.241650, 126.521268
33.241640, 126.521218
33.241463, 126.520589
33.241446, 126.520487
33.241451, 126.520382
33.241460, 126.520328
33.241461, 126.520302
33.241456, 126.520276
33.241446, 126.520251
33.241430, 126.520226
33.241411, 126.520202
33.241375, 126.520181
33.241303, 126.520167
33.241138, 126.520146
33.241099, 126.520137
33.241072, 126.520121
33.241055, 126.520098
33.241050, 126.520068
33.241050, 126.520035
33.241046, 126.520016
33.241034, 126.519992
33.241014, 126.519963
33.240985, 126.519929
33.240683, 126.519598
33.240075, 126.519225
33.240034, 126.519182
33.240011, 126.519165
33.239983, 126.519159
33.239949, 126.519163
33.239910, 126.519179
33.239790, 126.519237
33.239569, 126.519416
33.239490, 126.519461
33.239404, 126.519477
33.239333, 126.519477
33.239260, 126.519466
33.239181, 126.519431
33.238967, 126.519308
33.238930, 126.519282
33.238899, 126.519248
33.238875, 126.519208
33.238857, 126.519160
33.238748, 126.518787
33.238708, 126.518694
33.238648, 126.518619
33.238269, 126.518263
33.238087, 126.518170
33.237569, 126.518089
33.237488, 126.518085
33.237423, 126.518100
33.237367, 126.518126
33.237371, 126.518142
33.237407, 126.518063
33.237420, 126.518023
33.237425, 126.517980
33.237421, 126.517934
33.237408, 126.517886
33.237352, 126.517724
33.237248, 126.517443
33.237220, 126.517357
33.237210, 126.517295
33.237209, 126.517270
33.237215, 126.517225
33.237234, 126.517142
33.237251, 126.517075
33.237260, 126.516998
33.237254, 126.516902
33.237247, 126.516847
33.237248, 126.516819
33.237256, 126.516793
33.237273, 126.516766
33.237298, 126.516741
33.237355, 126.516690
33.237502, 126.516625
33.237575, 126.516572
33.237624, 126.516490
33.237644, 126.516440
33.237659, 126.516397
33.237664, 126.516371
33.237664, 126.516362
33.237656, 126.516330
33.237633, 126.516253
33.237601, 126.516150
33.237419, 126.515802
33.237273, 126.515624
33.237148, 126.515427
33.237085, 126.515356
33.237006, 126.515314
33.236676, 126.515213
33.236446, 126.515139
33.236130, 126.515142
33.236041, 126.515132
33.235956, 126.515102
33.235655, 126.514955
33.235472, 126.514931
33.235429, 126.514920
33.235392, 126.514899
33.235360, 126.514869
33.235333, 126.514828
33.235258, 126.514690
33.235219, 126.514595
33.235197, 126.514493
33.235180, 126.514343
33.235154, 126.514246
33.235098, 126.514169
33.234738, 126.513824
33.234664, 126.513768
33.234580, 126.513733
33.234365, 126.513675
33.234228, 126.513688
33.234142, 126.513680
33.234064, 126.513637
33.233994, 126.513581
33.233963, 126.513550
33.233941, 126.513514
33.233928, 126.513474
33.233924, 126.513428
33.233924, 126.513379
33.233915, 126.513321
33.233887, 126.513242
33.233869, 126.513198
33.233837, 126.513149
33.233777, 126.513092
33.233615, 126.512959
33.233282, 126.512781
33.233020, 126.512509
33.232990, 126.512472
33.232968, 126.512430
33.232954, 126.512383
33.232948, 126.512332
33.232938, 126.512075
33.232942, 126.511969
33.232962, 126.511865
33.232987, 126.511777
33.233011, 126.511702
33.233034, 126.511657
33.233045, 126.511641
33.233045, 126.511634
33.233032, 126.511626
33.233006, 126.511617
33.232968, 126.511609
33.232917, 126.511599
33.232866, 126.511574
33.232814, 126.511515
33.232762, 126.511441
33.232446, 126.510757
33.231281, 126.508932
33.230835, 126.508170
33.230795, 126.508077
33.230780, 126.507975
33.230777, 126.507838
33.230877, 126.507416
33.230878, 126.507138
33.230840, 126.506791
33.230909, 126.506277
33.230932, 126.506175
33.230973, 126.506081
33.231199, 126.505668
33.231238, 126.505574
33.231254, 126.505471
33.231289, 126.504699
33.231268, 126.504563
33.231255, 126.504515
33.231234, 126.504476
33.231204, 126.504445
33.231166, 126.504424
33.231108, 126.504400
33.231080, 126.504384
33.231055, 126.504358
33.231033, 126.504323
33.231013, 126.504279
33.230977, 126.504181
33.230963, 126.504132
33.230958, 126.504083
33.230962, 126.504034
33.230975, 126.503984
33.231033, 126.503813
33.231059, 126.503725
33.231068, 126.503658
33.231069, 126.503629
33.231058, 126.503585
33.231024, 126.503508
33.230975, 126.503407
33.230961, 126.503363
33.230961, 126.503323
33.230976, 126.503287
33.231007, 126.503256
33.231119, 126.503171
33.231188, 126.503106
33.231244, 126.503024
33.231386, 126.502762
33.231442, 126.502681
33.231514, 126.502620
33.231561, 126.502590
33.231582, 126.502570
33.231600, 126.502541
33.231615, 126.502502
33.231625, 126.502454
33.231650, 126.502305
33.231651, 126.502027
33.231644, 126.501921
33.231621, 126.501819
33.231312, 126.500793
33.231304, 126.500722
33.231310, 126.500645
33.231346, 126.500561
33.231465, 126.500350
33.231537, 126.500273
33.231571, 126.500242
33.231604, 126.500223
33.231638, 126.500214
33.231671, 126.500216
33.231705, 126.500224
33.231721, 126.500222
33.231735, 126.500210
33.231748, 126.500187
33.231759, 126.500152
33.231770, 126.500113
33.231777, 126.500056
33.231779, 126.499965
33.231778, 126.499904
33.231782, 126.499874
33.231794, 126.499844
33.231813, 126.499814
33.231841, 126.499784
33.231904, 126.499726
33.232111, 126.499602
33.232291, 126.499407
33.232587, 126.499102
33.232741, 126.498813
33.233083, 126.498252
33.233129, 126.498161
33.233160, 126.498061
33.233184, 126.497958
33.233199, 126.497854
33.233195, 126.497748
33.233145, 126.497343
33.233165, 126.497166
33.233166, 126.497061
33.233148, 126.496958
33.233006, 126.496456
33.232985, 126.496355
33.232978, 126.496256
33.232979, 126.496206
33.232975, 126.496180
33.232962, 126.496151
33.232942, 126.496120
33.232912, 126.496085
33.232871, 126.496042
33.232823, 126.496004
33.232762, 126.495977
33.232728, 126.495967
33.232715, 126.495960
33.232713, 126.495949
33.232719, 126.495935
33.232735, 126.495918
33.232755, 126.495898
33.232761, 126.495884
33.232757, 126.495863
33.232743, 126.495833
33.232720, 126.495795
33.232668, 126.495716
33.232609, 126.495644
33.232536, 126.495586
33.232303, 126.495436
33.232270, 126.495414
33.232249, 126.495399
33.232241, 126.495392
33.232245, 126.495392
33.232255, 126.495395
33.232258, 126.495392
33.232256, 126.495378
33.232249, 126.495354
33.232236, 126.495319
33.232222, 126.495280
33.232217, 126.495224
33.232233, 126.495137
33.232314, 126.494826
33.232314, 126.494750
33.232313, 126.494714
33.232309, 126.494685
33.232301, 126.494662
33.232290, 126.494644
33.232277, 126.494630
33.232245, 126.494618
33.232174, 126.494612
33.231834, 126.494601
33.231795, 126.494593
33.231768, 126.494572
33.231754, 126.494538
33.231752, 126.494491
33.231766, 126.494303
33.231752, 126.494209
33.231750, 126.494163
33.231758, 126.494120
33.231775, 126.494080
33.231803, 126.494041
33.231971, 126.493851
33.232041, 126.493787
33.232121, 126.493742
33.232166, 126.493725
33.232212, 126.493689
33.232261, 126.493618
33.232629, 126.492982
33.232667, 126.492889
33.232680, 126.492786
33.232681, 126.492508
33.232612, 126.492141
33.232606, 126.492090
33.232608, 126.492043
33.232617, 126.492000
33.232634, 126.491960
33.232654, 126.491922
33.232690, 126.491882
33.232756, 126.491837
33.232984, 126.491706
33.233019, 126.491686
33.233046, 126.491673
33.233064, 126.491666
33.233072, 126.491666
33.233075, 126.491670
33.233077, 126.491669
33.233078, 126.491664
33.233078, 126.491654
33.233078, 126.491639
33.233077, 126.491605
33.233080, 126.491423
33.233027, 126.491163
33.233015, 126.491058
33.233019, 126.490952
33.233061, 126.490609
33.233065, 126.490562
33.233066, 126.490526
33.233063, 126.490501
33.233056, 126.490488
33.233047, 126.490481
33.233038, 126.490482
33.233022, 126.490492
33.232997, 126.490510
33.232965, 126.490537
33.232870, 126.490617
33.232832, 126.490633
33.232813, 126.490645
33.232797, 126.490666
33.232782, 126.490696
33.232770, 126.490734
33.232758, 126.490777
33.232752, 126.490796
33.232745, 126.490811
33.232738, 126.490821
33.232730, 126.490827
33.232722, 126.490831
33.232700, 126.490826
33.232651, 126.490802
33.232620, 126.490786
33.232582, 126.490753
33.232532, 126.490686
33.232423, 126.490523
33.232400, 126.490469
33.232366, 126.490411
33.232311, 126.490343
33.232267, 126.490296
33.232244, 126.490279
33.232221, 126.490275
33.232196, 126.490286
33.232171, 126.490310
33.232144, 126.490342
33.232117, 126.490390
33.232089, 126.490475
33.232073, 126.490530
33.232065, 126.490553
33.232054, 126.490565
33.232042, 126.490567
33.232029, 126.490560
33.232000, 126.490534
33.231849, 126.490387
33.231813, 126.490363
33.231797, 126.490349
33.231786, 126.490332
33.231778, 126.490310
33.231776, 126.490285
33.231775, 126.490258
33.231786, 126.490214
33.231820, 126.490138
33.231974, 126.489825
33.232025, 126.489744
33.232090, 126.489687
33.232160, 126.489641
33.232226, 126.489623
33.232255, 126.489609
33.232276, 126.489583
33.232288, 126.489547
33.232293, 126.489498
33.232293, 126.489381
33.232292, 126.489176
33.232372, 126.488810
33.232428, 126.488640
33.232453, 126.488560
33.232461, 126.488520
33.232461, 126.488499
33.232461, 126.488410
33.232471, 126.488322
33.232504, 126.488234
33.232549, 126.488147
33.232952, 126.487636
33.233339, 126.487099
33.233387, 126.487011
33.233411, 126.486911
33.233454, 126.486574
33.233665, 126.485372
33.233777, 126.484930
33.233777, 126.484897
33.233777, 126.484314
33.233777, 126.484226
33.233675, 126.483492
33.233653, 126.483389
33.233615, 126.483293
33.233481, 126.483018
33.233446, 126.482930
33.233430, 126.482854
33.233424, 126.482784
33.233364, 126.482783
33.233239, 126.482660
33.233165, 126.482600
33.233084, 126.482557
33.232879, 126.482471
33.232840, 126.482451
33.232809, 126.482423
33.232785, 126.482390
33.232769, 126.482351
33.232757, 126.482308
33.232752, 126.482249
33.232762, 126.482160
33.232855, 126.481596
33.232858, 126.481546
33.232852, 126.481502
33.232836, 126.481463
33.232810, 126.481431
33.232780, 126.481401
33.232735, 126.481371
33.232663, 126.481340
33.232512, 126.481288
33.232472, 126.481278
33.232437, 126.481282
33.232408, 126.481297
33.232385, 126.481324
33.232344, 126.481391
33.232160, 126.481997
33.232122, 126.482092
33.232067, 126.482174
33.232029, 126.482220
33.231992, 126.482278
33.231954, 126.482363
33.231855, 126.482621
33.231810, 126.482759
33.231768, 126.482845
33.231709, 126.482904
33.231675, 126.482927
33.231627, 126.482939
33.231552, 126.482931
33.231305, 126.482880
33.231055, 126.482742
33.230972, 126.482717
33.230888, 126.482731
33.230711, 126.482800
33.229828, 126.483331
33.229650, 126.483391
33.229564, 126.483405
33.229477, 126.483389
33.229432, 126.483372
33.229376, 126.483369
33.229300, 126.483390
33.229060, 126.483485
33.228992, 126.483520
33.228958, 126.483557
33.228950, 126.483576
33.228926, 126.483601
33.228872, 126.483637
33.228802, 126.483680
33.228747, 126.483728
33.228721, 126.483749
33.228700, 126.483761
33.228684, 126.483766
33.228672, 126.483764
33.228662, 126.483757
33.228660, 126.483750
33.228665, 126.483737
33.228677, 126.483716
33.228695, 126.483689
33.228717, 126.483657
33.228754, 126.483624
33.228822, 126.483585
33.229093, 126.483450
33.229251, 126.483365
33.229329, 126.483339
33.229364, 126.483321
33.229389, 126.483293
33.229406, 126.483255
33.229414, 126.483206
33.229417, 126.483151
33.229412, 126.483083
33.229390, 126.482994
33.229276, 126.482617
33.229080, 126.482092
33.228792, 126.481032
33.228717, 126.480305
33.228547, 126.479834
33.228486, 126.479612
33.228465, 126.479509
33.228459, 126.479407
33.228460, 126.479305
33.228460, 126.479216
33.228468, 126.479124
33.228493, 126.479028
33.228565, 126.478816
33.228591, 126.478734
33.228599, 126.478686
33.228599, 126.478656
33.228598, 126.478575
33.228598, 126.478268
33.228458, 126.477704
33.228457, 126.477459
33.228466, 126.477353
33.228492, 126.477252
33.228571, 126.477030
33.228597, 126.476933
33.228607, 126.476842
33.228607, 126.476753
33.228514, 126.476097
33.228490, 126.475995
33.228448, 126.475902
33.228352, 126.475735
33.228136, 126.475435
33.228072, 126.475361
33.227997, 126.475304
33.227609, 126.475066
33.227336, 126.474935
33.227261, 126.474882
33.227204, 126.474804
33.226937, 126.474310
33.226886, 126.474258
33.226864, 126.474229
33.226849, 126.474193
33.226839, 126.474149
33.226836, 126.474099
33.226838, 126.473907
33.226831, 126.473801
33.226811, 126.473697
33.226743, 126.473439
33.226725, 126.473335
33.226725, 126.473229
33.226752, 126.472940
33.226754, 126.472834
33.226740, 126.472729
33.226660, 126.472349
33.226385, 126.471510
33.226363, 126.471427
33.226361, 126.471378
33.226366, 126.471362
33.226369, 126.471345
33.226370, 126.471323
33.226370, 126.471300
33.226417, 126.471055
33.226448, 126.470957
33.226499, 126.470872
33.227208, 126.469977
33.227275, 126.469907
33.227351, 126.469851
33.227433, 126.469802
33.227511, 126.469763
33.227583, 126.469742
33.227618, 126.469736
33.227662, 126.469715
33.227724, 126.469664
33.228217, 126.469206
33.228446, 126.468944
33.228515, 126.468877
33.228593, 126.468825
33.228882, 126.468664
33.229993, 126.467569
33.230448, 126.466862
33.231153, 126.465529
33.231345, 126.464989
33.231482, 126.464541
33.231603, 126.464238
33.231658, 126.463957
33.231799, 126.463490
33.232052, 126.462955
33.232104, 126.462871
33.232174, 126.462808
33.232327, 126.462704
33.232407, 126.462671
33.232492, 126.462679
33.232671, 126.462735
33.232752, 126.462769
33.232821, 126.462814
33.232884, 126.462866
33.233419, 126.463335
33.233496, 126.463387
33.233580, 126.463417
33.234009, 126.463510
33.234087, 126.463558
33.234126, 126.463575
33.234164, 126.463578
33.234202, 126.463567
33.234239, 126.463543
33.234287, 126.463503
33.234327, 126.463464
33.234349, 126.463429
33.234356, 126.463412
33.234357, 126.463402
33.234353, 126.463391
33.234345, 126.463377
33.234332, 126.463361
33.234317, 126.463344
33.234309, 126.463337
33.234300, 126.463332
33.234289, 126.463330
33.234277, 126.463331
33.234252, 126.463334
33.239893, 126.548788
33.239680, 126.548763
33.240884, 126.541752
33.240901, 126.541737
33.241012, 126.541680
33.241025, 126.541609
33.240886, 126.531231
33.241244, 126.531400