33.234340, 126.463344
33.234294, 126.463336
33.234439, 126.463373
33.234527, 126.463350
33.234542, 126.463256
33.234490, 126.463184
33.234197, 126.463033
33.234223, 126.463063
33.234632, 126.463260
33.235259, 126.463173
33.235678, 126.463220
33.236046, 126.463180
33.236176, 126.463305
33.236392, 126.463528
33.236545, 126.463499
33.236760, 126.463407
33.236807, 126.463298
33.236811, 126.463065
33.236807, 126.462818
33.236853, 126.462673
33.236973, 126.462593
33.237743, 126.462245
33.238248, 126.461465
33.238393, 126.461331
33.238464, 126.461314
33.238593, 126.461291
33.239327, 126.460818
33.239709, 126.459975
33.239728, 126.459681
33.239883, 126.459263
33.240076, 126.458829
33.240377, 126.458457
33.241009, 126.457980
33.241120, 126.457935
33.241230, 126.457969
33.241277, 126.458027
33.241244, 126.458125
33.241093, 126.458589
33.241251, 126.459680
33.241142, 126.460105
33.241269, 126.460676
33.241365, 126.460768
33.241425, 126.460758
33.241528, 126.460650
33.241880, 126.460270
33.242357, 126.460157
33.243181, 126.460436
33.243293, 126.460421
33.243378, 126.460309
33.243392, 126.460344
33.243348, 126.460454
33.243327, 126.460465
33.243440, 126.460208
33.243594, 126.459235
33.243560, 126.458685
33.243881, 126.457207
33.243649, 126.456146
33.243726, 126.455740
33.243985, 126.455235
33.244047, 126.454598
33.243955, 126.454359
33.243685, 126.454158
33.243316, 126.453202
33.243063, 126.451226
33.242979, 126.450671
33.243013, 126.450611
33.243150, 126.450550
33.243167, 126.450510
33.243028, 126.450454
33.242901, 126.450170
33.242820, 126.449900
33.242663, 126.447154
33.242637, 126.447069
33.242519, 126.447030
33.242245, 126.447025
33.241883, 126.447173
33.241723, 126.447290
33.241397, 126.447522
33.241174, 126.447917
33.240919, 126.448147
33.240740, 126.448518
33.240700, 126.448768
33.240725, 126.448995
33.240664, 126.449093
33.240579, 126.449131
33.240453, 126.449101
33.240389, 126.449048
33.240348, 126.448954
33.240345, 126.448869
33.240291, 126.448672
33.240247, 126.448667
33.240151, 126.448820
33.240103, 126.448837
33.240036, 126.448754
33.240081, 126.448476
33.240085, 126.448353
33.240039, 126.448293
33.239947, 126.448305
33.239773, 126.448330
33.239715, 126.448090
33.239402, 126.447018
33.239242, 126.446700
33.239235, 126.446643
33.239294, 126.446570
33.239421, 126.446491
33.239470, 126.446387
33.239410, 126.446310
33.239275, 126.446183
33.239257, 126.446106
33.239214, 126.445987
33.239156, 126.445925
33.239048, 126.445918
33.239002, 126.445859
33.238979, 126.445716
33.238911, 126.445654
33.238851, 126.445626
33.238842, 126.445594
33.238860, 126.445561
33.238952, 126.445550
33.239022, 126.445568
33.239037, 126.445635
33.239053, 126.445791
33.239096, 126.445788
33.239145, 126.445630
33.239115, 126.445296
33.239026, 126.445142
33.238877, 126.445103
33.238792, 126.445057
33.238753, 126.444976
33.238780, 126.444892
33.238897, 126.444708
33.238998, 126.444179
33.238967, 126.443762
33.238890, 126.443539
33.238819, 126.443497
33.238057, 126.443403
33.237959, 126.443314
33.237423, 126.442575
33.237316, 126.442341
33.237316, 126.442134
33.237445, 126.441819
33.237678, 126.441544
33.238067, 126.441373
33.238705, 126.440782
33.238855, 126.440398
33.238933, 126.439064
33.239083, 126.438696
33.239035, 126.438042
33.239079, 126.437752
33.239024, 126.437261
33.238808, 126.436760
33.238466, 126.436701
33.237805, 126.436697
33.237191, 126.436315
33.236971, 126.435896
33.236758, 126.435228
33.236750, 126.435087
33.236701, 126.435011
33.235593, 126.434168
33.235382, 126.433350
33.235191, 126.432128
33.235140, 126.432015
33.235218, 126.431935
33.235325, 126.431815
33.235646, 126.431333
33.235633, 126.431315
33.235665, 126.431248
33.235610, 126.431105
33.235617, 126.431035
33.236265, 126.430207
33.236366, 126.429800
33.236233, 126.428941
33.235903, 126.428378
33.235900, 126.428152
33.235989, 126.427762
33.236038, 126.427623
33.236164, 126.427534
33.236708, 126.427465
33.237296, 126.426907
33.237574, 126.426583
33.237784, 126.425942
33.237737, 126.425840
33.237581, 126.425689
33.237410, 126.425678
33.237040, 126.425740
33.236907, 126.425638
33.236831, 126.425496
33.236878, 126.425520
33.236975, 126.425586
33.237126, 126.425549
33.237459, 126.425271
33.237560, 126.425012
33.237506, 126.424481
33.237537, 126.424223
33.237714, 126.424062
33.238289, 126.423992
33.239022, 126.423775
33.239129, 126.423701
33.239160, 126.423589
33.239353, 126.422788
33.239404, 126.422726
33.239501, 126.422671
33.240077, 126.422040
33.241029, 126.420970
33.241342, 126.420833
33.241528, 126.420715
33.241727, 126.420619
33.241904, 126.420499
33.242242, 126.419874
33.242434, 126.419671
33.242573, 126.419495
33.242633, 126.419473
33.242714, 126.419508
33.242754, 126.419573
33.242821, 126.419924
33.243408, 126.420342
33.243526, 126.420334
33.243825, 126.420008
33.244425, 126.419399
33.244538, 126.419324
33.244792, 126.419308
33.245439, 126.419611
33.246344, 126.420097
33.246765, 126.420408
33.246954, 126.420747
33.247170, 126.421806
33.247187, 126.421917
33.247232, 126.421949
33.247280, 126.421928
33.247394, 126.421882
33.247466, 126.421849
33.247513, 126.421751
33.247529, 126.421678
33.247276, 126.420929
33.247318, 126.420606
33.247501, 126.420353
33.247847, 126.420202
33.248079, 126.420229
33.248490, 126.420529
33.248800, 126.420672
33.249022, 126.420881
33.249101, 126.420884
33.249166, 126.420741
33.249305, 126.419118
33.249314, 126.418549
33.249047, 126.418120
33.248879, 126.418017
33.248666, 126.418159
33.248385, 126.418861
33.248232, 126.419092
33.247272, 126.419530
33.246250, 126.419843
33.244940, 126.419431
33.244843, 126.419327
33.244849, 126.419269
33.245024, 126.419015
33.245048, 126.418911
33.244921, 126.418745
33.244792, 126.418427
33.244797, 126.418316
33.244831, 126.418266
33.244902, 126.418272
33.244991, 126.418288
33.245102, 126.418190
33.245583, 126.418030
33.246049, 126.418109
33.246247, 126.418225
33.246268, 126.418177
33.246224, 126.418124
33.245634, 126.417864
33.245349, 126.417846
33.244770, 126.417580
33.244693, 126.417615
33.244579, 126.417782
33.244140, 126.418030
33.243781, 126.418037
33.243592, 126.417884
33.243492, 126.417386
33.243550, 126.416644
33.243627, 126.416483
33.243724, 126.416452
33.243880, 126.416426
33.243943, 126.416335
33.243961, 126.416217
33.243897, 126.416052
33.243613, 126.415887
33.243524, 126.415792
33.243493, 126.415585
33.243573, 126.415215
33.243556, 126.415058
33.243630, 126.414999
33.243837, 126.414887
33.243882, 126.414706
33.243945, 126.414567
33.243957, 126.414544
33.243954, 126.414522
33.244015, 126.414450
33.244348, 126.414023
33.244565, 126.413536
33.244876, 126.413376
33.245003, 126.413317
33.245044, 126.413211
33.245195, 126.412069
33.245406, 126.411604
33.245455, 126.411330
33.245275, 126.410412
33.245185, 126.409753
33.245084, 126.409063
33.245130, 126.408712
33.245166, 126.408637
33.245241, 126.408570
33.245259, 126.408495
33.245218, 126.408335
33.245135, 126.408029
33.245076, 126.407751
33.244444, 126.406846
33.244048, 126.406530
33.243822, 126.406160
33.243577, 126.405284
33.243610, 126.404802
33.243735, 126.404366
33.243778, 126.404188
33.243886, 126.403867
33.243794, 126.402944
33.243405, 126.402370
33.243351, 126.402263
33.243347, 126.402187
33.243278, 126.402116
33.242266, 126.401603
33.241930, 126.401217
33.241747, 126.400909
33.241682, 126.400512
33.241770, 126.400407
33.241856, 126.400361
33.241851, 126.400366
33.241757, 126.400389
33.241687, 126.400358
33.241599, 126.400242
33.241518, 126.399879
33.241564, 126.399755
33.241653, 126.399686
33.241646, 126.399579
33.241415, 126.398317
33.241451, 126.397778
33.241344, 126.397076
33.240991, 126.396495
33.240595, 126.396314
33.239970, 126.395441
33.239614, 126.394807
33.239153, 126.394403
33.239070, 126.394146
33.239091, 126.393506
33.238882, 126.392513
33.238685, 126.391740
33.237589, 126.389993
33.237432, 126.389638
33.236471, 126.388427
33.236266, 126.388014
33.235736, 126.386833
33.235535, 126.386476
33.235402, 126.386092
33.234688, 126.385010
33.234091, 126.384636
33.233797, 126.384304
33.233659, 126.384038
33.233690, 126.383779
33.233996, 126.382927
33.234286, 126.382532
33.234471, 126.382052
33.234480, 126.381904
33.234558, 126.381596
33.234691, 126.381265
33.234723, 126.380379
33.234796, 126.379840
33.234758, 126.379484
33.234198, 126.378379
33.233737, 126.378081
33.233542, 126.377764
33.233502, 126.377623
33.233828, 126.376210
33.234054, 126.375913
33.234121, 126.375791
33.234114, 126.375536
33.233754, 126.375004
33.233432, 126.374716
33.233176, 126.374156
33.232832, 126.372836
33.232794, 126.372658
33.232748, 126.372415
33.232398, 126.371833
33.232274, 126.371442
33.232260, 126.371363
33.231839, 126.370301
33.231740, 126.369903
33.231680, 126.369374
33.231710, 126.369235
33.231840, 126.369111
33.232107, 126.369029
33.232796, 126.368418
33.232963, 126.368166
33.232980, 126.368050
33.232605, 126.367762
33.231993, 126.367117
33.231938, 126.366812
33.232051, 126.365807
33.232410, 126.365147
33.232502, 126.364886
33.232706, 126.364564
33.233125, 126.364197
33.233966, 126.363934
33.234043, 126.363818
33.234229, 126.363368
33.234535, 126.363141
33.234700, 126.362930
33.235203, 126.362723
33.235450, 126.362742
33.235641, 126.362881
33.235741, 126.363107
33.235724, 126.363246
33.235717, 126.363262
33.235756, 126.363177
33.236235, 126.362059
33.236301, 126.361947
33.236414, 126.361911
33.236565, 126.361985
33.236887, 126.362334
33.237007, 126.362388
33.237086, 126.362324
33.237181, 126.362139
33.237285, 126.361752